VECTOR
2808
6.408652504637676e8
6.408635785805978e8
6.408635785805978e8
6.408635785805978e8
6.408635785805978e8
6.408614947337505e8
6.408614947337505e8
6.408614947337505e8
6.408614947337505e8
6.408590547812923e8
6.408590547812923e8
6.408590547812923e8
6.408562524954091e8
6.408562524954091e8
6.408562524954091e8
6.408562524954091e8
6.40853237928906e8
6.40853237928906e8
6.40853237928906e8
6.40850360892655e8
6.40850360892655e8
6.40850360892655e8
6.408474899460638e8
6.408474899460638e8
6.408474899460638e8
6.408474899460638e8
6.408447689576375e8
6.408447689576375e8
6.408447689576375e8
6.445674956299845e8
6.445674956299845e8
6.445674956299845e8
6.445674956299845e8
6.445641876584839e8
6.445641876584839e8
6.445641876584839e8
6.445604657136314e8
6.445604657136314e8
6.445604657136314e8
6.445604657136314e8
6.445564932281573e8
6.445564932281573e8
6.445564932281573e8
6.445522826112348e8
6.445522826112348e8
6.445522826112348e8
6.445522826112348e8
6.445478649045739e8
6.445478649045739e8
6.445478649045739e8
6.445430455903615e8
6.445430455903615e8
6.445430455903615e8
6.445430455903615e8
6.445378681284635e8
6.445378681284635e8
6.445378681284635e8
6.445325083892044e8
6.445325083892044e8
6.445325083892044e8
6.445325083892044e8
6.445264946159264e8
6.445264946159264e8
6.445264946159264e8
6.445199716239638e8
6.445199716239638e8
6.445199716239638e8
6.445199716239638e8
6.445131090780822e8
6.445131090780822e8
6.445131090780822e8
6.445062090556186e8
6.445062090556186e8
6.445062090556186e8
6.445062090556186e8
6.444984231788373e8
6.444984231788373e8
6.444984231788373e8
6.444887085473304e8
6.444887085473304e8
6.444887085473304e8
6.444887085473304e8
6.444764113327558e8
6.444764113327558e8
6.444764113327558e8
6.444612543937825e8
6.444612543937825e8
6.444612543937825e8
6.444612543937825e8
6.444432938025876e8
6.444432938025876e8
6.444432938025876e8
6.444225732812526e8
6.444225732812526e8
6.444225732812526e8
6.443988408000485e8
6.443988408000485e8
6.443988408000485e8
6.443988408000485e8
6.44372491978174e8
6.44372491978174e8
6.44372491978174e8
6.443436080145501e8
6.443436080145501e8
6.443436080145501e8
6.443436080145501e8
6.443125100316614e8
6.443125100316614e8
6.443125100316614e8
6.442797756716516e8
6.442797756716516e8
6.442797756716516e8
6.442797756716516e8
6.44244882252589e8
6.44244882252589e8
6.44244882252589e8
6.44244882252589e8
6.442083080722928e8
6.442083080722928e8
6.442083080722928e8
6.441703741519532e8
6.441703741519532e8
6.441703741519532e8
6.441310871645285e8
6.441310871645285e8
6.441310871645285e8
6.441310871645285e8
6.440907618128012e8
6.440907618128012e8
6.440907618128012e8
6.440493736622471e8
6.440493736622471e8
6.440493736622471e8
6.440493736622471e8
6.440072515465882e8
6.440072515465882e8
6.440072515465882e8
6.439647924188623e8
6.439647924188623e8
6.439647924188623e8
6.439647924188623e8
6.43921707179587e8
6.43921707179587e8
6.43921707179587e8
6.438782232040424e8
6.438782232040424e8
6.438782232040424e8
6.438782232040424e8
6.438347681954808e8
6.438347681954808e8
6.438347681954808e8
6.437913235269386e8
6.437913235269386e8
6.437913235269386e8
6.437913235269386e8
6.437477260255078e8
6.437477260255078e8
6.437477260255078e8
6.437041388986897e8
6.437041388986897e8
6.437041388986897e8
6.437041388986897e8
6.43660405217986e8
6.43660405217986e8
6.43660405217986e8
6.43660405217986e8
6.436166881524286e8
6.436166881524286e8
6.436166881524286e8
6.435728432220812e8
6.435728432220812e8
6.435728432220812e8
6.435728432220812e8
6.435288518612603e8
6.435288518612603e8
6.435288518612603e8
6.434846644805437e8
6.434846644805437e8
6.434846644805437e8
6.434846644805437e8
6.43440287347339e8
6.43440287347339e8
6.43440287347339e8
6.433955326844712e8
6.433955326844712e8
6.433955326844712e8
6.433955326844712e8
6.433507638426815e8
6.433507638426815e8
6.433507638426815e8
6.433058240480818e8
6.433058240480818e8
6.433058240480818e8
6.433058240480818e8
6.432607567880498e8
6.432607567880498e8
6.432607567880498e8
6.432154814683381e8
6.432154814683381e8
6.432154814683381e8
6.432154814683381e8
6.431700539847304e8
6.431700539847304e8
6.431700539847304e8
6.43124536424971e8
6.43124536424971e8
6.43124536424971e8
6.43124536424971e8
6.430789536480763e8
6.430789536480763e8
6.430789536480763e8
6.43033256079427e8
6.43033256079427e8
6.43033256079427e8
6.429873941547381e8
6.429873941547381e8
6.429873941547381e8
6.429873941547381e8
6.429416625692477e8
6.429416625692477e8
6.429416625692477e8
6.428958038798317e8
6.428958038798317e8
6.428958038798317e8
6.428958038798317e8
6.428496367556127e8
6.428496367556127e8
6.428496367556127e8
6.428031799170085e8
6.428031799170085e8
6.428031799170085e8
6.428031799170085e8
6.42756213405451e8
6.42756213405451e8
6.42756213405451e8
6.42756213405451e8
6.427083779697461e8
6.427083779697461e8
6.427083779697461e8
6.426594091405339e8
6.426594091405339e8
6.426594091405339e8
6.426095879871014e8
6.426095879871014e8
6.426095879871014e8
6.426095879871014e8
6.425587647873536e8
6.425587647873536e8
6.425587647873536e8
6.425073769866234e8
6.425073769866234e8
6.425073769866234e8
6.425073769866234e8
6.424551618184866e8
6.424551618184866e8
6.424551618184866e8
6.424026739222027e8
6.424026739222027e8
6.424026739222027e8
6.424026739222027e8
6.423501719198616e8
6.423501719198616e8
6.423501719198616e8
6.422973756239861e8
6.422973756239861e8
6.422973756239861e8
6.422973756239861e8
6.42244529674735e8
6.42244529674735e8
6.42244529674735e8
6.421915287919427e8
6.421915287919427e8
6.421915287919427e8
6.421915287919427e8
6.42138591263538e8
6.42138591263538e8
6.42138591263538e8
6.420855546456192e8
6.420855546456192e8
6.420855546456192e8
6.420855546456192e8
6.420323955671737e8
6.420323955671737e8
6.420323955671737e8
6.419791326371157e8
6.419791326371157e8
6.419791326371157e8
6.419791326371157e8
6.419257844589778e8
6.419257844589778e8
6.419257844589778e8
6.418722816201762e8
6.418722816201762e8
6.418722816201762e8
6.418722816201762e8
6.418188112702837e8
6.418188112702837e8
6.418188112702837e8
6.417653548252082e8
6.417653548252082e8
6.417653548252082e8
6.417653548252082e8
6.417119060900376e8
6.417119060900376e8
6.417119060900376e8
6.416584898289151e8
6.416584898289151e8
6.416584898289151e8
6.416584898289151e8
6.416052372836456e8
6.416052372836456e8
6.416052372836456e8
6.415521917126296e8
6.415521917126296e8
6.415521917126296e8
6.415521917126296e8
6.41499190877284e8
6.41499190877284e8
6.41499190877284e8
6.414462657163547e8
6.414462657163547e8
6.414462657163547e8
6.413934545330524e8
6.413934545330524e8
6.413934545330524e8
6.413934545330524e8
6.413407696406908e8
6.413407696406908e8
6.413407696406908e8
6.412882109725494e8
6.412882109725494e8
6.412882109725494e8
6.412882109725494e8
6.41235642328022e8
6.41235642328022e8
6.41235642328022e8
6.41235642328022e8
6.411831823626196e8
6.411831823626196e8
6.411831823626196e8
6.4113086809665e8
6.4113086809665e8
6.4113086809665e8
6.410785622106396e8
6.410785622106396e8
6.410785622106396e8
6.410785622106396e8
6.410261831516894e8
6.410261831516894e8
6.410261831516894e8
6.409742723304838e8
6.409742723304838e8
6.409742723304838e8
6.409742723304838e8
6.409222696572622e8
6.409222696572622e8
6.409222696572622e8
6.408704865004822e8
6.408704865004822e8
6.408704865004822e8
6.408704865004822e8
6.408189412906905e8
6.408189412906905e8
6.408189412906905e8
6.407675401147391e8
6.407675401147391e8
6.407675401147391e8
6.407675401147391e8
6.407161149328502e8
6.407161149328502e8
6.407161149328502e8
6.407161149328502e8
6.406648955300372e8
6.406648955300372e8
6.406648955300372e8
6.406137509996239e8
6.406137509996239e8
6.406137509996239e8
6.405623393452754e8
6.405623393452754e8
6.405623393452754e8
6.405623393452754e8
6.405112271049906e8
6.405112271049906e8
6.405112271049906e8
6.404596994659569e8
6.404596994659569e8
6.404596994659569e8
6.404596994659569e8
6.40407706205699e8
6.40407706205699e8
6.40407706205699e8
6.40355887840705e8
6.40355887840705e8
6.40355887840705e8
6.40355887840705e8
6.403040456170702e8
6.403040456170702e8
6.403040456170702e8
6.402519499877201e8
6.402519499877201e8
6.402519499877201e8
6.402519499877201e8
6.401999673980083e8
6.401999673980083e8
6.401999673980083e8
6.40147737661514e8
6.40147737661514e8
6.40147737661514e8
6.40147737661514e8
6.400953720835322e8
6.400953720835322e8
6.400953720835322e8
6.400429889603959e8
6.400429889603959e8
6.400429889603959e8
6.400429889603959e8
6.399904391991552e8
6.399904391991552e8
6.399904391991552e8
6.399378781241841e8
6.399378781241841e8
6.399378781241841e8
6.399378781241841e8
6.398855536183215e8
6.398855536183215e8
6.398855536183215e8
6.398331173384396e8
6.398331173384396e8
6.398331173384396e8
6.398331173384396e8
6.397805508584163e8
6.397805508584163e8
6.397805508584163e8
6.397279353316095e8
6.397279353316095e8
6.397279353316095e8
6.397279353316095e8
6.39675221406239e8
6.39675221406239e8
6.39675221406239e8
6.396223412201678e8
6.396223412201678e8
6.396223412201678e8
6.396223412201678e8
6.395695926641911e8
6.395695926641911e8
6.395695926641911e8
6.395166038153622e8
6.395166038153622e8
6.395166038153622e8
6.395166038153622e8
6.394635359716436e8
6.394635359716436e8
6.394635359716436e8
6.394102217939377e8
6.394102217939377e8
6.394102217939377e8
6.394102217939377e8
6.393568101871923e8
6.393568101871923e8
6.393568101871923e8
6.39303313516365e8
6.39303313516365e8
6.39303313516365e8
6.39303313516365e8
6.39249595378071e8
6.39249595378071e8
6.39249595378071e8
6.391955811745073e8
6.391955811745073e8
6.391955811745073e8
6.391955811745073e8
6.391417048579953e8
6.391417048579953e8
6.391417048579953e8
6.390876566327888e8
6.390876566327888e8
6.390876566327888e8
6.390876566327888e8
6.390335975844822e8
6.390335975844822e8
6.390335975844822e8
6.389792859529693e8
6.389792859529693e8
6.389792859529693e8
6.389792859529693e8
6.389248396485428e8
6.389248396485428e8
6.389248396485428e8
6.389248396485428e8
6.388703888306025e8
6.388703888306025e8
6.388703888306025e8
6.388157602564422e8
6.388157602564422e8
6.388157602564422e8
6.388157602564422e8
6.387612197392126e8
6.387612197392126e8
6.387612197392126e8
6.387066002358649e8
6.387066002358649e8
6.387066002358649e8
6.387066002358649e8
6.386519516325995e8
6.386519516325995e8
6.386519516325995e8
6.385974285752974e8
6.385974285752974e8
6.385974285752974e8
6.385974285752974e8
6.38543049493661e8
6.38543049493661e8
6.38543049493661e8
6.384886905532019e8
6.384886905532019e8
6.384886905532019e8
6.384886905532019e8
6.384341540287739e8
6.384341540287739e8
6.384341540287739e8
6.383797675745769e8
6.383797675745769e8
6.383797675745769e8
6.38325364273182e8
6.38325364273182e8
6.38325364273182e8
6.38325364273182e8
6.382707958009864e8
6.382707958009864e8
6.382707958009864e8
6.382163834936e8
6.382163834936e8
6.382163834936e8
6.382163834936e8
6.381618927178928e8
6.381618927178928e8
6.381618927178928e8
6.381618927178928e8
6.381074159269068e8
6.381074159269068e8
6.381074159269068e8
6.380528048876675e8
6.380528048876675e8
6.380528048876675e8
6.379981832297125e8
6.379981832297125e8
6.379981832297125e8
6.379981832297125e8
6.37943285398489e8
6.37943285398489e8
6.37943285398489e8
6.378885067211509e8
6.378885067211509e8
6.378885067211509e8
6.378885067211509e8
6.378335878274502e8
6.378335878274502e8
6.378335878274502e8
6.377787138550724e8
6.377787138550724e8
6.377787138550724e8
6.377787138550724e8
6.377237182333342e8
6.377237182333342e8
6.377237182333342e8
6.376687306120812e8
6.376687306120812e8
6.376687306120812e8
6.376687306120812e8
6.376139854737341e8
6.376139854737341e8
6.376139854737341e8
6.375592915681677e8
6.375592915681677e8
6.375592915681677e8
6.375592915681677e8
6.375048337736487e8
6.375048337736487e8
6.375048337736487e8
6.37450476310489e8
6.37450476310489e8
6.37450476310489e8
6.37450476310489e8
6.37396256056133e8
6.37396256056133e8
6.37396256056133e8
6.373417353575233e8
6.373417353575233e8
6.373417353575233e8
6.373417353575233e8
6.372874072730763e8
6.372874072730763e8
6.372874072730763e8
6.372329329043015e8
6.372329329043015e8
6.372329329043015e8
6.372329329043015e8
6.371784724735831e8
6.371784724735831e8
6.371784724735831e8
6.371240752132448e8
6.371240752132448e8
6.371240752132448e8
6.371240752132448e8
6.370695563938546e8
6.370695563938546e8
6.370695563938546e8
6.370149345430894e8
6.370149345430894e8
6.370149345430894e8
6.370149345430894e8
6.36960191264946e8
6.36960191264946e8
6.36960191264946e8
6.36905431277259e8
6.36905431277259e8
6.36905431277259e8
6.36905431277259e8
6.368506976490055e8
6.368506976490055e8
6.368506976490055e8
6.367961134377176e8
6.367961134377176e8
6.367961134377176e8
6.367413709755839e8
6.367413709755839e8
6.367413709755839e8
6.367413709755839e8
6.366867778828056e8
6.366867778828056e8
6.366867778828056e8
6.366322971836613e8
6.366322971836613e8
6.366322971836613e8
6.366322971836613e8
6.365776336667154e8
6.365776336667154e8
6.365776336667154e8
6.365229841575056e8
6.365229841575056e8
6.365229841575056e8
6.365229841575056e8
6.364682441720964e8
6.364682441720964e8
6.364682441720964e8
6.364135120821241e8
6.364135120821241e8
6.364135120821241e8
6.364135120821241e8
6.363588123977538e8
6.363588123977538e8
6.363588123977538e8
6.363040345059531e8
6.363040345059531e8
6.363040345059531e8
6.363040345059531e8
6.362492951143396e8
6.362492951143396e8
6.362492951143396e8
6.325063889662445e8
6.325063889662445e8
6.325063889662445e8
6.325063889662445e8
6.324516349675877e8
6.324516349675877e8
6.324516349675877e8
6.32396461813957e8
6.32396461813957e8
6.32396461813957e8
6.32396461813957e8
6.323412362753775e8
6.323412362753775e8
6.323412362753775e8
6.322856103394005e8
6.322856103394005e8
6.322856103394005e8
6.322856103394005e8
6.322297920204424e8
6.322297920204424e8
6.322297920204424e8
6.321737814448069e8
6.321737814448069e8
6.321737814448069e8
6.321737814448069e8
6.321178590620033e8
6.321178590620033e8
6.321178590620033e8
6.320623296995794e8
6.320623296995794e8
6.320623296995794e8
6.320623296995794e8
6.320069068182575e8
6.320069068182575e8
6.320069068182575e8
6.31951730483244e8
6.31951730483244e8
6.31951730483244e8
6.31951730483244e8
6.31896812882526e8
6.31896812882526e8
6.31896812882526e8
6.318421354936059e8
6.318421354936059e8
6.318421354936059e8
6.318421354936059e8
6.317876441797253e8
6.317876441797253e8
6.317876441797253e8
6.317333573216779e8
6.317333573216779e8
6.317333573216779e8
6.316792011932853e8
6.316792011932853e8
6.316792011932853e8
6.316792011932853e8
6.316250713916757e8
6.316250713916757e8
6.316250713916757e8
6.316250713916757e8
6.315711433888906e8
6.315711433888906e8
6.315711433888906e8
6.315174710162722e8
6.315174710162722e8
6.315174710162722e8
6.314642062504466e8
6.314642062504466e8
6.314642062504466e8
6.314642062504466e8
6.314112274064459e8
6.314112274064459e8
6.314112274064459e8
6.313581380339376e8
6.313581380339376e8
6.313581380339376e8
6.313581380339376e8
6.313053772929039e8
6.313053772929039e8
6.313053772929039e8
6.312526224723734e8
6.312526224723734e8
6.312526224723734e8
6.312526224723734e8
6.311997951325455e8
6.311997951325455e8
6.311997951325455e8
6.311469566462109e8
6.311469566462109e8
6.311469566462109e8
6.310940225183753e8
6.310940225183753e8
6.310940225183753e8
6.310940225183753e8
6.310409805385902e8
6.310409805385902e8
6.310409805385902e8
6.309878675759768e8
6.309878675759768e8
6.309878675759768e8
6.309878675759768e8
6.309345011000032e8
6.309345011000032e8
6.309345011000032e8
6.308810024661927e8
6.308810024661927e8
6.308810024661927e8
6.308810024661927e8
6.308272689415644e8
6.308272689415644e8
6.308272689415644e8
6.308272689415644e8
6.307733190546778e8
6.307733190546778e8
6.307733190546778e8
6.30719110006198e8
6.30719110006198e8
6.30719110006198e8
6.306648658051262e8
6.306648658051262e8
6.306648658051262e8
6.306648658051262e8
6.306106171162738e8
6.306106171162738e8
6.306106171162738e8
6.305563271545813e8
6.305563271545813e8
6.305563271545813e8
6.305563271545813e8
6.305020204512076e8
6.305020204512076e8
6.305020204512076e8
6.304476970097653e8
6.304476970097653e8
6.304476970097653e8
6.304476970097653e8
6.30393350704182e8
6.30393350704182e8
6.30393350704182e8
6.303388544095715e8
6.303388544095715e8
6.303388544095715e8
6.303388544095715e8
6.302842511006618e8
6.302842511006618e8
6.302842511006618e8
6.302299053203094e8
6.302299053203094e8
6.302299053203094e8
6.302299053203094e8
6.301752948454058e8
6.301752948454058e8
6.301752948454058e8
6.301752948454058e8
6.301207045296949e8
6.301207045296949e8
6.301207045296949e8
6.300660669715395e8
6.300660669715395e8
6.300660669715395e8
6.300114066875461e8
6.300114066875461e8
6.300114066875461e8
6.300114066875461e8
6.299567175565227e8
6.299567175565227e8
6.299567175565227e8
6.299019873333796e8
6.299019873333796e8
6.299019873333796e8
6.299019873333796e8
6.298471258539808e8
6.298471258539808e8
6.298471258539808e8
6.297922662143332e8
6.297922662143332e8
6.297922662143332e8
6.297922662143332e8
6.297373961653311e8
6.297373961653311e8
6.297373961653311e8
6.296826731846889e8
6.296826731846889e8
6.296826731846889e8
6.296826731846889e8
6.29627819039473e8
6.29627819039473e8
6.29627819039473e8
6.295730463316343e8
6.295730463316343e8
6.295730463316343e8
6.295730463316343e8
6.295183427982588e8
6.295183427982588e8
6.295183427982588e8
6.294637023021293e8
6.294637023021293e8
6.294637023021293e8
6.294637023021293e8
6.294089980877417e8
6.294089980877417e8
6.294089980877417e8
6.293544058985566e8
6.293544058985566e8
6.293544058985566e8
6.293544058985566e8
6.292997316853606e8
6.292997316853606e8
6.292997316853606e8
6.292450715784082e8
6.292450715784082e8
6.292450715784082e8
6.292450715784082e8
6.291904378143767e8
6.291904378143767e8
6.291904378143767e8
6.291360836425157e8
6.291360836425157e8
6.291360836425157e8
6.291360836425157e8
6.29081584379007e8
6.29081584379007e8
6.29081584379007e8
6.290272379570808e8
6.290272379570808e8
6.290272379570808e8
6.290272379570808e8
6.289726810580863e8
6.289726810580863e8
6.289726810580863e8
6.289182524891421e8
6.289182524891421e8
6.289182524891421e8
6.289182524891421e8
6.2886378896442e8
6.2886378896442e8
6.2886378896442e8
6.288092599076254e8
6.288092599076254e8
6.288092599076254e8
6.288092599076254e8
6.287547326126992e8
6.287547326126992e8
6.287547326126992e8
6.287000214624295e8
6.287000214624295e8
6.287000214624295e8
6.287000214624295e8
6.286452652323449e8
6.286452652323449e8
6.286452652323449e8
6.286452652323449e8
6.285904089381958e8
6.285904089381958e8
6.285904089381958e8
6.28535507673783e8
6.28535507673783e8
6.28535507673783e8
6.28535507673783e8
6.284805370335783e8
6.284805370335783e8
6.284805370335783e8
6.284256356322631e8
6.284256356322631e8
6.284256356322631e8
6.283706404672512e8
6.283706404672512e8
6.283706404672512e8
6.283706404672512e8
6.283158408469088e8
6.283158408469088e8
6.283158408469088e8
6.282610309651562e8
6.282610309651562e8
6.282610309651562e8
6.282610309651562e8
6.282065427567837e8
6.282065427567837e8
6.282065427567837e8
6.281518996376618e8
6.281518996376618e8
6.281518996376618e8
6.281518996376618e8
6.280974090685111e8
6.280974090685111e8
6.280974090685111e8
6.280427208654169e8
6.280427208654169e8
6.280427208654169e8
6.280427208654169e8
6.279882929874578e8
6.279882929874578e8
6.279882929874578e8
6.279336552761769e8
6.279336552761769e8
6.279336552761769e8
6.279336552761769e8
6.278789278117933e8
6.278789278117933e8
6.278789278117933e8
6.278240028604766e8
6.278240028604766e8
6.278240028604766e8
6.278240028604766e8
6.27768662826472e8
6.27768662826472e8
6.27768662826472e8
6.277130583489194e8
6.277130583489194e8
6.277130583489194e8
6.277130583489194e8
6.276572261721456e8
6.276572261721456e8
6.276572261721456e8
6.276013595511252e8
6.276013595511252e8
6.276013595511252e8
6.275454035357851e8
6.275454035357851e8
6.275454035357851e8
6.275454035357851e8
6.274893886759521e8
6.274893886759521e8
6.274893886759521e8
6.27433412672941e8
6.27433412672941e8
6.27433412672941e8
6.27433412672941e8
6.273774449928023e8
6.273774449928023e8
6.273774449928023e8
6.2732162371346e8
6.2732162371346e8
6.2732162371346e8
6.2732162371346e8
6.272658473299022e8
6.272658473299022e8
6.272658473299022e8
6.272102965896932e8
6.272102965896932e8
6.272102965896932e8
6.272102965896932e8
6.271546709728968e8
6.271546709728968e8
6.271546709728968e8
6.270992770188733e8
6.270992770188733e8
6.270992770188733e8
6.270992770188733e8
6.270438082036339e8
6.270438082036339e8
6.270438082036339e8
6.269885648642234e8
6.269885648642234e8
6.269885648642234e8
6.269885648642234e8
6.26933197868348e8
6.26933197868348e8
6.26933197868348e8
6.268780745753253e8
6.268780745753253e8
6.268780745753253e8
6.268780745753253e8
6.2682288255851e8
6.2682288255851e8
6.2682288255851e8
6.267678146151143e8
6.267678146151143e8
6.267678146151143e8
6.267678146151143e8
6.267128036216607e8
6.267128036216607e8
6.267128036216607e8
6.266580056555727e8
6.266580056555727e8
6.266580056555727e8
6.266580056555727e8
6.266031328936708e8
6.266031328936708e8
6.266031328936708e8
6.265483475314183e8
6.265483475314183e8
6.265483475314183e8
6.264936312559247e8
6.264936312559247e8
6.264936312559247e8
6.264936312559247e8
6.264387818252649e8
6.264387818252649e8
6.264387818252649e8
6.264387818252649e8
6.26383789712258e8
6.26383789712258e8
6.26383789712258e8
6.263288841675061e8
6.263288841675061e8
6.263288841675061e8
6.262737534267249e8
6.262737534267249e8
6.262737534267249e8
6.262737534267249e8
6.262187338620219e8
6.262187338620219e8
6.262187338620219e8
6.26163446761136e8
6.26163446761136e8
6.26163446761136e8
6.26163446761136e8
6.261082344945302e8
6.261082344945302e8
6.261082344945302e8
6.260531154086118e8
6.260531154086118e8
6.260531154086118e8
6.260531154086118e8
6.259982636271005e8
6.259982636271005e8
6.259982636271005e8
6.259435416486248e8
6.259435416486248e8
6.259435416486248e8
6.259435416486248e8
6.258890382361313e8
6.258890382361313e8
6.258890382361313e8
6.25834601074947e8
6.25834601074947e8
6.25834601074947e8
6.25834601074947e8
6.25780132723769e8
6.25780132723769e8
6.25780132723769e8
6.25780132723769e8
6.257257340638561e8
6.257257340638561e8
6.257257340638561e8
6.256712893565462e8
6.256712893565462e8
6.256712893565462e8
6.256167620722507e8
6.256167620722507e8
6.256167620722507e8
6.256167620722507e8
6.255623078061786e8
6.255623078061786e8
6.255623078061786e8
6.255077526836275e8
6.255077526836275e8
6.255077526836275e8
6.255077526836275e8
6.254530967289759e8
6.254530967289759e8
6.254530967289759e8
6.253986083437935e8
6.253986083437935e8
6.253986083437935e8
6.253986083437935e8
6.253437020479037e8
6.253437020479037e8
6.253437020479037e8
6.252890058910533e8
6.252890058910533e8
6.252890058910533e8
6.252890058910533e8
6.252342697701417e8
6.252342697701417e8
6.252342697701417e8
6.251797221226733e8
6.251797221226733e8
6.251797221226733e8
6.251797221226733e8
6.251250947282535e8
6.251250947282535e8
6.251250947282535e8
6.250705369027375e8
6.250705369027375e8
6.250705369027375e8
6.250705369027375e8
6.250160182056564e8
6.250160182056564e8
6.250160182056564e8
6.249616695803096e8
6.249616695803096e8
6.249616695803096e8
6.249616695803096e8
6.249073478492763e8
6.249073478492763e8
6.249073478492763e8
6.248528856013525e8
6.248528856013525e8
6.248528856013525e8
6.248528856013525e8
6.247987485475432e8
6.247987485475432e8
6.247987485475432e8
6.247446504858235e8
6.247446504858235e8
6.247446504858235e8
6.247446504858235e8
6.246907283224472e8
6.246907283224472e8
6.246907283224472e8
6.246369941384143e8
6.246369941384143e8
6.246369941384143e8
6.246369941384143e8
6.245835907978379e8
6.245835907978379e8
6.245835907978379e8
6.245302991800137e8
6.245302991800137e8
6.245302991800137e8
6.245302991800137e8
6.244770584592706e8
6.244770584592706e8
6.244770584592706e8
6.244770584592706e8
6.244239871812232e8
6.244239871812232e8
6.244239871812232e8
6.243709241786357e8
6.243709241786357e8
6.243709241786357e8
6.243178694495695e8
6.243178694495695e8
6.243178694495695e8
6.243178694495695e8
6.242649657948083e8
6.242649657948083e8
6.242649657948083e8
6.242120460510112e8
6.242120460510112e8
6.242120460510112e8
6.242120460510112e8
6.241589249279679e8
6.241589249279679e8
6.241589249279679e8
6.24105906202126e8
6.24105906202126e8
6.24105906202126e8
6.24105906202126e8
6.240528774851006e8
6.240528774851006e8
6.240528774851006e8
6.239996960975637e8
6.239996960975637e8
6.239996960975637e8
6.239996960975637e8
6.239467779364678e8
6.239467779364678e8
6.239467779364678e8
6.23893849744771e8
6.23893849744771e8
6.23893849744771e8
6.23893849744771e8
6.238411330993823e8
6.238411330993823e8
6.238411330993823e8
6.237882455610595e8
6.237882455610595e8
6.237882455610595e8
6.237882455610595e8
6.237354237444433e8
6.237354237444433e8
6.237354237444433e8
6.236827404693424e8
6.236827404693424e8
6.236827404693424e8
6.236827404693424e8
6.23630107802875e8
6.23630107802875e8
6.23630107802875e8
6.235779106980798e8
6.235779106980798e8
6.235779106980798e8
6.235779106980798e8
6.235256426130836e8
6.235256426130836e8
6.235256426130836e8
6.234735127869524e8
6.234735127869524e8
6.234735127869524e8
6.234735127869524e8
6.234215090085312e8
6.234215090085312e8
6.234215090085312e8
6.233695252362784e8
6.233695252362784e8
6.233695252362784e8
6.233695252362784e8
6.23317616092081e8
6.23317616092081e8
6.23317616092081e8
6.232656634879428e8
6.232656634879428e8
6.232656634879428e8
6.232656634879428e8
6.232136614035043e8
6.232136614035043e8
6.232136614035043e8
6.231615552746071e8
6.231615552746071e8
6.231615552746071e8
6.231615552746071e8
6.231093269604124e8
6.231093269604124e8
6.231093269604124e8
6.23056952258553e8
6.23056952258553e8
6.23056952258553e8
6.23056952258553e8
6.230045856037823e8
6.230045856037823e8
6.230045856037823e8
6.229522330605855e8
6.229522330605855e8
6.229522330605855e8
6.229522330605855e8
6.228997221154284e8
6.228997221154284e8
6.228997221154284e8
6.228472071315395e8
6.228472071315395e8
6.228472071315395e8
6.228472071315395e8
6.22794521717129e8
6.22794521717129e8
6.22794521717129e8
6.227419441041765e8
6.227419441041765e8
6.227419441041765e8
6.227419441041765e8
6.226890237177225e8
6.226890237177225e8
6.226890237177225e8
6.22636211152449e8
6.22636211152449e8
6.22636211152449e8
6.22636211152449e8
6.225834188748635e8
6.225834188748635e8
6.225834188748635e8
6.225308010183921e8
6.225308010183921e8
6.225308010183921e8
6.225308010183921e8
6.224780614013532e8
6.224780614013532e8
6.224780614013532e8
6.22425662356144e8
6.22425662356144e8
6.22425662356144e8
6.223733137826543e8
6.223733137826543e8
6.223733137826543e8
6.223733137826543e8
6.223211818297462e8
6.223211818297462e8
6.223211818297462e8
6.222690820932891e8
6.222690820932891e8
6.222690820932891e8
6.222690820932891e8
6.22216996386499e8
6.22216996386499e8
6.22216996386499e8
6.221649004688524e8
6.221649004688524e8
6.221649004688524e8
6.221649004688524e8
6.221126464610062e8
6.221126464610062e8
6.221126464610062e8
6.220605907368107e8
6.220605907368107e8
6.220605907368107e8
6.220605907368107e8
6.220082594225558e8
6.220082594225558e8
6.220082594225558e8
6.220082594225558e8
6.21955800468109e8
6.21955800468109e8
6.21955800468109e8
6.219031715429159e8
6.219031715429159e8
6.219031715429159e8
6.218503484993399e8
6.218503484993399e8
6.218503484993399e8
6.218503484993399e8
6.217973435337882e8
6.217973435337882e8
6.217973435337882e8
6.217443044387808e8
6.217443044387808e8
6.217443044387808e8
6.217443044387808e8
6.216911077565142e8
6.216911077565142e8
6.216911077565142e8
6.216377414540354e8
6.216377414540354e8
6.216377414540354e8
6.216377414540354e8
6.215843835180715e8
6.215843835180715e8
6.215843835180715e8
6.215311936660119e8
6.215311936660119e8
6.215311936660119e8
6.215311936660119e8
6.214778826974655e8
6.214778826974655e8
6.214778826974655e8
6.214246103483566e8
6.214246103483566e8
6.214246103483566e8
6.214246103483566e8
6.213712048626714e8
6.213712048626714e8
6.213712048626714e8
6.213712048626714e8
6.213178319796752e8
6.213178319796752e8
6.213178319796752e8
6.212644977429458e8
6.212644977429458e8
6.212644977429458e8
6.212109011652421e8
6.212109011652421e8
6.212109011652421e8
6.212109011652421e8
6.211574786537117e8
6.211574786537117e8
6.211574786537117e8
6.211037455368387e8
6.211037455368387e8
6.211037455368387e8
6.211037455368387e8
6.210501320359182e8
6.210501320359182e8
6.210501320359182e8
6.209963433546956e8
6.209963433546956e8
6.209963433546956e8
6.209963433546956e8
6.209424158649945e8
6.209424158649945e8
6.209424158649945e8
6.208884969538211e8
6.208884969538211e8
6.208884969538211e8
6.208884969538211e8
6.208345866191226e8
6.208345866191226e8
6.208345866191226e8
6.207804892191491e8
6.207804892191491e8
6.207804892191491e8
6.207804892191491e8
6.20726222978037e8
6.20726222978037e8
6.20726222978037e8
6.206720582199994e8
6.206720582199994e8
6.206720582199994e8
6.206720582199994e8
6.206178174645267e8
6.206178174645267e8
6.206178174645267e8
6.20563470504783e8
6.20563470504783e8
6.20563470504783e8
6.20563470504783e8
6.205091705493381e8
6.205091705493381e8
6.205091705493381e8
6.204546716723777e8
6.204546716723777e8
6.204546716723777e8
6.204546716723777e8
6.20400169398529e8
6.20400169398529e8
6.20400169398529e8
6.20400169398529e8
6.203456637286114e8
6.203456637286114e8
6.203456637286114e8
6.202911667486446e8
6.202911667486446e8
6.202911667486446e8
6.202911667486446e8
6.202365314436558e8
6.202365314436558e8
6.202365314436558e8
6.201818988331316e8
6.201818988331316e8
6.201818988331316e8
6.201818988331316e8
6.201272930810107e8
6.201272930810107e8
6.201272930810107e8
6.200725853655275e8
6.200725853655275e8
6.200725853655275e8
6.200725853655275e8
6.200179347438852e8
6.200179347438852e8
6.200179347438852e8
6.199632003551908e8
6.199632003551908e8
6.199632003551908e8
6.199632003551908e8
6.199084003775672e8
6.199084003775672e8
6.199084003775672e8
6.198535167511082e8
6.198535167511082e8
6.198535167511082e8
6.198535167511082e8
6.197986540797085e8
6.197986540797085e8
6.197986540797085e8
6.197437882073479e8
6.197437882073479e8
6.197437882073479e8
6.197437882073479e8
6.196887542631283e8
6.196887542631283e8
6.196887542631283e8
6.196337413202256e8
6.196337413202256e8
6.196337413202256e8
6.196337413202256e8
6.195789926627648e8
6.195789926627648e8
6.195789926627648e8
6.195240862418603e8
6.195240862418603e8
6.195240862418603e8
6.195240862418603e8
6.194693517051065e8
6.194693517051065e8
6.194693517051065e8
6.19414600133959e8
6.19414600133959e8
6.19414600133959e8
6.19414600133959e8
6.193597893328533e8
6.193597893328533e8
6.193597893328533e8
6.193050237022005e8
6.193050237022005e8
6.193050237022005e8
6.193050237022005e8
6.192502670311261e8
6.192502670311261e8
6.192502670311261e8
6.19195427081414e8
6.19195427081414e8
6.19195427081414e8
6.191404858170052e8
6.191404858170052e8
6.191404858170052e8
6.191404858170052e8
6.190854252079481e8
6.190854252079481e8
6.190854252079481e8
6.190300626822255e8
6.190300626822255e8
6.190300626822255e8
6.190300626822255e8
6.189746473484462e8
6.189746473484462e8
6.189746473484462e8
6.189192981905268e8
6.189192981905268e8
6.189192981905268e8
6.189192981905268e8
6.188641221469405e8
6.188641221469405e8
6.188641221469405e8
6.18809350055661e8
6.18809350055661e8
6.18809350055661e8
6.18809350055661e8
6.187550964400021e8
6.187550964400021e8
6.187550964400021e8
6.187012784730183e8
6.187012784730183e8
6.187012784730183e8
6.187012784730183e8
6.18648066466432e8
6.18648066466432e8
6.18648066466432e8
6.185951693632553e8
6.185951693632553e8
6.185951693632553e8
6.185951693632553e8
6.185426429435769e8
6.185426429435769e8
6.185426429435769e8
6.184906951404041e8
6.184906951404041e8
6.184906951404041e8
6.184906951404041e8
6.184388149040067e8
6.184388149040067e8
6.184388149040067e8
6.18387404545725e8
6.18387404545725e8
6.18387404545725e8
6.18387404545725e8
6.183359471830964e8
6.183359471830964e8
6.183359471830964e8
6.183359471830964e8
6.182845769147989e8
6.182845769147989e8
6.182845769147989e8
6.182330934342883e8
6.182330934342883e8
6.182330934342883e8
6.181817587868915e8
6.181817587868915e8
6.181817587868915e8
6.181817587868915e8
6.181301468763044e8
6.181301468763044e8
6.181301468763044e8
6.180788538801166e8
6.180788538801166e8
6.180788538801166e8
6.180788538801166e8
6.180273092529163e8
6.180273092529163e8
6.180273092529163e8
6.179754348244058e8
6.179754348244058e8
6.179754348244058e8
6.179754348244058e8
6.179235887851292e8
6.179235887851292e8
6.179235887851292e8
6.178716251937902e8
6.178716251937902e8
6.178716251937902e8
6.178716251937902e8
6.178195922361655e8
6.178195922361655e8
6.178195922361655e8
6.17767611699972e8
6.17767611699972e8
6.17767611699972e8
6.17767611699972e8
6.177156594600478e8
6.177156594600478e8
6.177156594600478e8
6.176636318010455e8
6.176636318010455e8
6.176636318010455e8
6.176636318010455e8
6.176113348330716e8
6.176113348330716e8
6.176113348330716e8
6.175592901343002e8
6.175592901343002e8
6.175592901343002e8
6.175592901343002e8
6.175072362060498e8
6.175072362060498e8
6.175072362060498e8
6.174554644404365e8
6.174554644404365e8
6.174554644404365e8
6.174554644404365e8
6.174038590967398e8
6.174038590967398e8
6.174038590967398e8
6.173523345982316e8
6.173523345982316e8
6.173523345982316e8
6.173523345982316e8
6.173012302801139e8
6.173012302801139e8
6.173012302801139e8
6.173012302801139e8
6.172500791049706e8
6.172500791049706e8
6.172500791049706e8
6.171991722643846e8
6.171991722643846e8
6.171991722643846e8
6.171485156725509e8
6.171485156725509e8
6.171485156725509e8
6.171485156725509e8
6.170976065275958e8
6.170976065275958e8
6.170976065275958e8
6.170470389811382e8
6.170470389811382e8
6.170470389811382e8
6.170470389811382e8
6.169965219272156e8
6.169965219272156e8
6.169965219272156e8
6.169460613639957e8
6.169460613639957e8
6.169460613639957e8
6.169460613639957e8
6.168958267429024e8
6.168958267429024e8
6.168958267429024e8
6.168456124726218e8
6.168456124726218e8
6.168456124726218e8
6.168456124726218e8
6.167955879610531e8
6.167955879610531e8
6.167955879610531e8
6.167455897463995e8
6.167455897463995e8
6.167455897463995e8
6.167455897463995e8
6.166956910496341e8
6.166956910496341e8
6.166956910496341e8
6.166457104594938e8
6.166457104594938e8
6.166457104594938e8
6.166457104594938e8
6.165955267466944e8
6.165955267466944e8
6.165955267466944e8
6.165452972666315e8
6.165452972666315e8
6.165452972666315e8
6.165452972666315e8
6.164951972926576e8
6.164951972926576e8
6.164951972926576e8
6.164450815498605e8
6.164450815498605e8
6.164450815498605e8
6.164450815498605e8
6.163949019994793e8
6.163949019994793e8
6.163949019994793e8
6.16344887882812e8
6.16344887882812e8
6.16344887882812e8
6.16344887882812e8
6.16294712829089e8
6.16294712829089e8
6.16294712829089e8
6.16294712829089e8
6.162446431181626e8
6.162446431181626e8
6.162446431181626e8
6.161945035853677e8
6.161945035853677e8
6.161945035853677e8
6.161441671955097e8
6.161441671955097e8
6.161441671955097e8
6.161441671955097e8
6.160939601218208e8
6.160939601218208e8
6.160939601218208e8
6.160433992429055e8
6.160433992429055e8
6.160433992429055e8
6.160433992429055e8
6.159926297086107e8
6.159926297086107e8
6.159926297086107e8
6.159418505794777e8
6.159418505794777e8
6.159418505794777e8
6.159418505794777e8
6.158910558575319e8
6.158910558575319e8
6.158910558575319e8
6.158401306311818e8
6.158401306311818e8
6.158401306311818e8
6.158401306311818e8
6.157892558567597e8
6.157892558567597e8
6.157892558567597e8
6.15738310651261e8
6.15738310651261e8
6.15738310651261e8
6.15738310651261e8
6.156875727555281e8
6.156875727555281e8
6.156875727555281e8
6.156369212551312e8
6.156369212551312e8
6.156369212551312e8
6.156369212551312e8
6.155862473200494e8
6.155862473200494e8
6.155862473200494e8
6.155360032883123e8
6.155360032883123e8
6.155360032883123e8
6.155360032883123e8
6.154856827904367e8
6.154856827904367e8
6.154856827904367e8
6.154353466598011e8
6.154353466598011e8
6.154353466598011e8
6.154353466598011e8
6.153851156143631e8
6.153851156143631e8
6.153851156143631e8
6.15334862904571e8
6.15334862904571e8
6.15334862904571e8
6.15334862904571e8
6.152845525695547e8
6.152845525695547e8
6.152845525695547e8
6.152341426664907e8
6.152341426664907e8
6.152341426664907e8
6.152341426664907e8
6.151836032532473e8
6.151836032532473e8
6.151836032532473e8
6.15133036241156e8
6.15133036241156e8
6.15133036241156e8
6.15133036241156e8
6.150822970871558e8
6.150822970871558e8
6.150822970871558e8
6.150317048817313e8
6.150317048817313e8
6.150317048817313e8
6.150317048817313e8
6.149809765401813e8
6.149809765401813e8
6.149809765401813e8
6.149303524646481e8
6.149303524646481e8
6.149303524646481e8
6.149303524646481e8
6.148797061477036e8
6.148797061477036e8
6.148797061477036e8
6.148292000297213e8
6.148292000297213e8
6.148292000297213e8
6.148292000297213e8
6.147788400650153e8
6.147788400650153e8
6.147788400650153e8
6.147287945523607e8
6.147287945523607e8
6.147287945523607e8
6.147287945523607e8
6.146788232067506e8
6.146788232067506e8
6.146788232067506e8
6.14629202697085e8
6.14629202697085e8
6.14629202697085e8
6.14629202697085e8
6.145797526317946e8
6.145797526317946e8
6.145797526317946e8
6.145309057848669e8
6.145309057848669e8
6.145309057848669e8
6.144819166176261e8
6.144819166176261e8
6.144819166176261e8
6.144819166176261e8
6.144332238970745e8
6.144332238970745e8
6.144332238970745e8
6.144332238970745e8
6.143848274801137e8
6.143848274801137e8
6.143848274801137e8
6.143364388440548e8
6.143364388440548e8
6.143364388440548e8
6.143364388440548e8
6.142880520025171e8
6.142880520025171e8
6.142880520025171e8
6.142396370349892e8
6.142396370349892e8
6.142396370349892e8
6.142396370349892e8
6.14190701753175e8
6.14190701753175e8
6.14190701753175e8
6.141420990020355e8
6.141420990020355e8
6.141420990020355e8
6.141420990020355e8
6.140930663520656e8
6.140930663520656e8
6.140930663520656e8
6.140437719566631e8
6.140437719566631e8
6.140437719566631e8
6.139944197568659e8
6.139944197568659e8
6.139944197568659e8
6.139944197568659e8
6.139450217289907e8
6.139450217289907e8
6.139450217289907e8
6.138955479811423e8
6.138955479811423e8
6.138955479811423e8
6.138955479811423e8
6.138459024185742e8
6.138459024185742e8
6.138459024185742e8
6.138459024185742e8
6.137965767073104e8
6.137965767073104e8
6.137965767073104e8
6.137468451839464e8
6.137468451839464e8
6.137468451839464e8
6.136974274711081e8
6.136974274711081e8
6.136974274711081e8
6.136974274711081e8
6.136483413549039e8
6.136483413549039e8
6.136483413549039e8
6.135992511897414e8
6.135992511897414e8
6.135992511897414e8
6.135992511897414e8
6.1355017490826e8
6.1355017490826e8
6.1355017490826e8
6.135010706699551e8
6.135010706699551e8
6.135010706699551e8
6.135010706699551e8
6.134517528824549e8
6.134517528824549e8
6.134517528824549e8
6.134016705704744e8
6.134016705704744e8
6.134016705704744e8
6.134016705704744e8
6.13351877928097e8
6.13351877928097e8
6.13351877928097e8
6.133022609919379e8
6.133022609919379e8
6.133022609919379e8
6.133022609919379e8
6.13252681987125e8
6.13252681987125e8
6.13252681987125e8
6.132029614151832e8
6.132029614151832e8
6.132029614151832e8
6.132029614151832e8
6.131532310228235e8
6.131532310228235e8
6.131532310228235e8
6.131035445679435e8
6.131035445679435e8
6.131035445679435e8
6.130538900950848e8
6.130538900950848e8
6.130538900950848e8
6.130538900950848e8
6.130042616245614e8
6.130042616245614e8
6.130042616245614e8
6.130042616245614e8
6.129544559088882e8
6.129544559088882e8
6.129544559088882e8
6.129046284731206e8
6.129046284731206e8
6.129046284731206e8
6.128546298725083e8
6.128546298725083e8
6.128546298725083e8
6.128546298725083e8
6.12804818735868e8
6.12804818735868e8
6.12804818735868e8
6.12804818735868e8
6.127546930520438e8
6.127546930520438e8
6.127546930520438e8
6.127045696319035e8
6.127045696319035e8
6.127045696319035e8
6.126543050909396e8
6.126543050909396e8
6.126543050909396e8
6.126543050909396e8
6.126041085077027e8
6.126041085077027e8
6.126041085077027e8
6.125538424968818e8
6.125538424968818e8
6.125538424968818e8
6.125538424968818e8
6.125034534098108e8
6.125034534098108e8
6.125034534098108e8
6.124530070376741e8
6.124530070376741e8
6.124530070376741e8
6.124530070376741e8
6.124025749860883e8
6.124025749860883e8
6.124025749860883e8
6.123520855974529e8
6.123520855974529e8
6.123520855974529e8
6.123520855974529e8
6.123016881029243e8
6.123016881029243e8
6.123016881029243e8
6.122510662751207e8
6.122510662751207e8
6.122510662751207e8
6.122510662751207e8
6.122006735999448e8
6.122006735999448e8
6.122006735999448e8
6.121499195224457e8
6.121499195224457e8
6.121499195224457e8
6.121499195224457e8
6.120991620433606e8
6.120991620433606e8
6.120991620433606e8
6.120484011635541e8
6.120484011635541e8
6.120484011635541e8
6.120484011635541e8
6.119974461188995e8
6.119974461188995e8
6.119974461188995e8
6.119464638862954e8
6.119464638862954e8
6.119464638862954e8
6.119464638862954e8
6.118954663945012e8
6.118954663945012e8
6.118954663945012e8
6.118443166116762e8
6.118443166116762e8
6.118443166116762e8
6.11793139705447e8
6.11793139705447e8
6.11793139705447e8
6.11793139705447e8
6.11741774857361e8
6.11741774857361e8
6.11741774857361e8
6.11741774857361e8
6.116902221525664e8
6.116902221525664e8
6.116902221525664e8
6.116385114684467e8
6.116385114684467e8
6.116385114684467e8
6.11586321389918e8
6.11586321389918e8
6.11586321389918e8
6.11586321389918e8
6.115338604039799e8
6.115338604039799e8
6.115338604039799e8
6.114812060579927e8
6.114812060579927e8
6.114812060579927e8
6.114812060579927e8
6.114283465276945e8
6.114283465276945e8
6.114283465276945e8
6.113754604120661e8
6.113754604120661e8
6.113754604120661e8
6.113754604120661e8
6.113227023758259e8
6.113227023758259e8
6.113227023758259e8
6.112705124239198e8
6.112705124239198e8
6.112705124239198e8
6.112705124239198e8
6.112180221648247e8
6.112180221648247e8
6.112180221648247e8
6.111657548118075e8
6.111657548118075e8
6.111657548118075e8
6.111657548118075e8
6.111141381758435e8
6.111141381758435e8
6.111141381758435e8
6.110627440338432e8
6.110627440338432e8
6.110627440338432e8
6.110627440338432e8
6.110118041390092e8
6.110118041390092e8
6.110118041390092e8
6.109614015923623e8
6.109614015923623e8
6.109614015923623e8
6.109614015923623e8
6.1091152452822e8
6.1091152452822e8
6.1091152452822e8
6.10862137040331e8
6.10862137040331e8
6.10862137040331e8
6.10862137040331e8
6.108132329872676e8
6.108132329872676e8
6.108132329872676e8
6.107644796183971e8
6.107644796183971e8
6.107644796183971e8
6.107644796183971e8
6.107161023205297e8
6.107161023205297e8
6.107161023205297e8
6.106677208794572e8
6.106677208794572e8
6.106677208794572e8
6.106677208794572e8
6.106196379662708e8
6.106196379662708e8
6.106196379662708e8
6.105717526857858e8
6.105717526857858e8
6.105717526857858e8
6.105717526857858e8
6.105240530611695e8
6.105240530611695e8
6.105240530611695e8
6.104764200736535e8
6.104764200736535e8
6.104764200736535e8
6.104764200736535e8
6.104286344422978e8
6.104286344422978e8
6.104286344422978e8
6.103808623205894e8
6.103808623205894e8
6.103808623205894e8
6.103808623205894e8
6.103328544093248e8
6.103328544093248e8
6.103328544093248e8
6.102847471069489e8
6.102847471069489e8
6.102847471069489e8
6.102847471069489e8
6.102364695432961e8
6.102364695432961e8
6.102364695432961e8
6.101879330851059e8
6.101879330851059e8
6.101879330851059e8
6.101879330851059e8
6.101391556960295e8
6.101391556960295e8
6.101391556960295e8
6.100903861654887e8
6.100903861654887e8
6.100903861654887e8
6.100903861654887e8
6.100414645268565e8
6.100414645268565e8
6.100414645268565e8
6.099924502748035e8
6.099924502748035e8
6.099924502748035e8
6.099924502748035e8
6.099434617901629e8
6.099434617901629e8
6.099434617901629e8
6.098944045303206e8
6.098944045303206e8
6.098944045303206e8
6.098456279821863e8
6.098456279821863e8
6.098456279821863e8
6.098456279821863e8
6.097967529576503e8
6.097967529576503e8
6.097967529576503e8
6.09747820535706e8
6.09747820535706e8
6.09747820535706e8
6.09747820535706e8
6.096987778473063e8
6.096987778473063e8
6.096987778473063e8
6.096498856812474e8
6.096498856812474e8
6.096498856812474e8
6.096498856812474e8
6.096011849748425e8
6.096011849748425e8
6.096011849748425e8
6.095521608691782e8
6.095521608691782e8
6.095521608691782e8
6.095521608691782e8
6.095032747769946e8
6.095032747769946e8
6.095032747769946e8
6.094542726014262e8
6.094542726014262e8
6.094542726014262e8
6.094542726014262e8
6.094050244467084e8
6.094050244467084e8
6.094050244467084e8
6.093557138050796e8
6.093557138050796e8
6.093557138050796e8
6.093557138050796e8
6.093061514590526e8
6.093061514590526e8
6.093061514590526e8
6.092564377598583e8
6.092564377598583e8
6.092564377598583e8
6.092564377598583e8
6.092064488470603e8
6.092064488470603e8
6.092064488470603e8
6.091565625311412e8
6.091565625311412e8
6.091565625311412e8
6.091565625311412e8
6.091064360365183e8
6.091064360365183e8
6.091064360365183e8
6.090558981295333e8
6.090558981295333e8
6.090558981295333e8
6.090055155528499e8
6.090055155528499e8
6.090055155528499e8
6.090055155528499e8
6.089550220062636e8
6.089550220062636e8
6.089550220062636e8
6.089048608176366e8
6.089048608176366e8
6.089048608176366e8
6.089048608176366e8
6.08854690119096e8
6.08854690119096e8
6.08854690119096e8
6.088044616841562e8
6.088044616841562e8
6.088044616841562e8
6.088044616841562e8
6.087542170007544e8
6.087542170007544e8
6.087542170007544e8
6.087040872946582e8
6.087040872946582e8
6.087040872946582e8
6.087040872946582e8
6.086538361984041e8
6.086538361984041e8
6.086538361984041e8
6.086032511851047e8
6.086032511851047e8
6.086032511851047e8
6.086032511851047e8
6.085527160413444e8
6.085527160413444e8
6.085527160413444e8
6.085020774964446e8
6.085020774964446e8
6.085020774964446e8
6.085020774964446e8
6.084515650279392e8
6.084515650279392e8
6.084515650279392e8
6.084006833834312e8
6.084006833834312e8
6.084006833834312e8
6.084006833834312e8
6.083498626483338e8
6.083498626483338e8
6.083498626483338e8
6.082987964540644e8
6.082987964540644e8
6.082987964540644e8
6.082987964540644e8
6.082479570669143e8
6.082479570669143e8
6.082479570669143e8
6.081973562427179e8
6.081973562427179e8
6.081973562427179e8
6.081973562427179e8
6.081467578649479e8
6.081467578649479e8
6.081467578649479e8
6.080963623804157e8
6.080963623804157e8
6.080963623804157e8
6.080963623804157e8
6.080459465576181e8
6.080459465576181e8
6.080459465576181e8
6.07995645679336e8
6.07995645679336e8
6.07995645679336e8
6.07995645679336e8
6.079454537948552e8
6.079454537948552e8
6.079454537948552e8
6.078952119957412e8
6.078952119957412e8
6.078952119957412e8
6.078952119957412e8
6.078450900145915e8
6.078450900145915e8
6.078450900145915e8
6.077949289546075e8
6.077949289546075e8
6.077949289546075e8
6.077949289546075e8
6.077448343498834e8
6.077448343498834e8
6.077448343498834e8
6.076946118493997e8
6.076946118493997e8
6.076946118493997e8
6.076946118493997e8
6.07644526785165e8
6.07644526785165e8
6.07644526785165e8
6.075944795436125e8
6.075944795436125e8
6.075944795436125e8
6.075944795436125e8
6.075444641972041e8
6.075444641972041e8
6.075444641972041e8
6.074945162442673e8
6.074945162442673e8
6.074945162442673e8
6.074945162442673e8
6.074444770131353e8
6.074444770131353e8
6.074444770131353e8
6.073946815723745e8
6.073946815723745e8
6.073946815723745e8
6.073946815723745e8
6.073447534536294e8
6.073447534536294e8
6.073447534536294e8
6.072949803065354e8
6.072949803065354e8
6.072949803065354e8
6.072450922693831e8
6.072450922693831e8
6.072450922693831e8
6.072450922693831e8
6.071952301919144e8
6.071952301919144e8
6.071952301919144e8
6.071453585820101e8
6.071453585820101e8
6.071453585820101e8
6.071453585820101e8
6.070957293495944e8
6.070957293495944e8
6.070957293495944e8
6.070957293495944e8
6.070462134751943e8
6.070462134751943e8
6.070462134751943e8
6.069969114134489e8
6.069969114134489e8
6.069969114134489e8
6.069477521283503e8
6.069477521283503e8
6.069477521283503e8
6.069477521283503e8
6.068984956424593e8
6.068984956424593e8
6.068984956424593e8
6.06849446904161e8
6.06849446904161e8
6.06849446904161e8
6.06849446904161e8
6.068005112529925e8
6.068005112529925e8
6.068005112529925e8
6.067516012444364e8
6.067516012444364e8
6.067516012444364e8
6.067516012444364e8
6.067029165242594e8
6.067029165242594e8
6.067029165242594e8
6.066546093514076e8
6.066546093514076e8
6.066546093514076e8
6.066546093514076e8
6.066064740594457e8
6.066064740594457e8
6.066064740594457e8
6.065581527934303e8
6.065581527934303e8
6.065581527934303e8
6.065581527934303e8
6.065099383713219e8
6.065099383713219e8
6.065099383713219e8
6.064617493701298e8
6.064617493701298e8
6.064617493701298e8
6.064617493701298e8
6.064135503411237e8
6.064135503411237e8
6.064135503411237e8
6.063653649132402e8
6.063653649132402e8
6.063653649132402e8
6.063653649132402e8
6.063171458339524e8
6.063171458339524e8
6.063171458339524e8
6.062689876023076e8
6.062689876023076e8
6.062689876023076e8
6.062689876023076e8
6.062210659594933e8
6.062210659594933e8
6.062210659594933e8
6.06173052972675e8
6.06173052972675e8
6.06173052972675e8
6.06173052972675e8
6.061253813442696e8
6.061253813442696e8
6.061253813442696e8
6.060780922509197e8
6.060780922509197e8
6.060780922509197e8
6.060780922509197e8
6.060310334927105e8
6.060310334927105e8
6.060310334927105e8
6.059841164382584e8
6.059841164382584e8
6.059841164382584e8
6.059841164382584e8
6.059375092548608e8
6.059375092548608e8
6.059375092548608e8
6.058909373352658e8
6.058909373352658e8
6.058909373352658e8
6.058909373352658e8
6.058443018021823e8
6.058443018021823e8
6.058443018021823e8
6.057979714342881e8
6.057979714342881e8
6.057979714342881e8
6.057979714342881e8
6.057517366967384e8
6.057517366967384e8
6.057517366967384e8
6.057057081472558e8
6.057057081472558e8
6.057057081472558e8
6.057057081472558e8
6.056597795109876e8
6.056597795109876e8
6.056597795109876e8
6.056137178516532e8
6.056137178516532e8
6.056137178516532e8
6.056137178516532e8
6.055678150610389e8
6.055678150610389e8
6.055678150610389e8
6.05521627495662e8
6.05521627495662e8
6.05521627495662e8
6.05521627495662e8
6.054751965727224e8
6.054751965727224e8
6.054751965727224e8
6.054288141092778e8
6.054288141092778e8
6.054288141092778e8
6.054288141092778e8
6.053823342695192e8
6.053823342695192e8
6.053823342695192e8
6.053358911185647e8
6.053358911185647e8
6.053358911185647e8
6.053358911185647e8
6.052893270762241e8
6.052893270762241e8
6.052893270762241e8
6.052429631961105e8
6.052429631961105e8
6.052429631961105e8
6.052429631961105e8
6.051964784533253e8
6.051964784533253e8
6.051964784533253e8
6.051498611201998e8
6.051498611201998e8
6.051498611201998e8
6.051498611201998e8
6.051034203229197e8
6.051034203229197e8
6.051034203229197e8
6.050569985322374e8
6.050569985322374e8
6.050569985322374e8
6.050569985322374e8
6.050105267115335e8
6.050105267115335e8
6.050105267115335e8
6.049643256142378e8
6.049643256142378e8
6.049643256142378e8
6.049643256142378e8
6.049180391283296e8
6.049180391283296e8
6.049180391283296e8
6.048719290023028e8
6.048719290023028e8
6.048719290023028e8
6.048719290023028e8
6.048258142581943e8
6.048258142581943e8
6.048258142581943e8
6.047798681431538e8
6.047798681431538e8
6.047798681431538e8
6.047798681431538e8
6.047335144006032e8
6.047335144006032e8
6.047335144006032e8
6.046873233639151e8
6.046873233639151e8
6.046873233639151e8
6.046873233639151e8
6.046412319176615e8
6.046412319176615e8
6.046412319176615e8
6.045949667860495e8
6.045949667860495e8
6.045949667860495e8
6.045949667860495e8
6.045487776641171e8
6.045487776641171e8
6.045487776641171e8
6.045024778845217e8
6.045024778845217e8
6.045024778845217e8
6.044560457396556e8
6.044560457396556e8
6.044560457396556e8
6.044560457396556e8
6.044098073260211e8
6.044098073260211e8
6.044098073260211e8
6.04363813707857e8
6.04363813707857e8
6.04363813707857e8
6.04363813707857e8
6.043172105621854e8
6.043172105621854e8
6.043172105621854e8
6.043172105621854e8
6.042709699497496e8
6.042709699497496e8
6.042709699497496e8
6.04224703008398e8
6.04224703008398e8
6.04224703008398e8
6.04224703008398e8
6.041784686278784e8
6.041784686278784e8
6.041784686278784e8
6.041322138723894e8
6.041322138723894e8
6.041322138723894e8
6.040860192525842e8
6.040860192525842e8
6.040860192525842e8
6.040860192525842e8
6.040398435687006e8
6.040398435687006e8
6.040398435687006e8
6.03993512246665e8
6.03993512246665e8
6.03993512246665e8
6.03993512246665e8
6.039472862046089e8
6.039472862046089e8
6.039472862046089e8
6.039008398733381e8
6.039008398733381e8
6.039008398733381e8
6.039008398733381e8
6.03854492919628e8
6.03854492919628e8
6.03854492919628e8
6.038081119857577e8
6.038081119857577e8
6.038081119857577e8
6.037615990853579e8
6.037615990853579e8
6.037615990853579e8
6.037615990853579e8
6.037150346167377e8
6.037150346167377e8
6.037150346167377e8
6.036683774319513e8
6.036683774319513e8
6.036683774319513e8
6.036683774319513e8
6.03621564892036e8
6.03621564892036e8
6.03621564892036e8
6.03574783172282e8
6.03574783172282e8
6.03574783172282e8
6.03574783172282e8
6.035280028723379e8
6.035280028723379e8
6.035280028723379e8
6.034811437449201e8
6.034811437449201e8
6.034811437449201e8
6.034811437449201e8
6.0343446828027e8
6.0343446828027e8
6.0343446828027e8
6.033880625245202e8
6.033880625245202e8
6.033880625245202e8
6.033880625245202e8
6.033415876079402e8
6.033415876079402e8
6.033415876079402e8
6.032948752245588e8
6.032948752245588e8
6.032948752245588e8
6.032948752245588e8
6.032483149420481e8
6.032483149420481e8
6.032483149420481e8
6.032016994029074e8
6.032016994029074e8
6.032016994029074e8
6.032016994029074e8
6.031551322784237e8
6.031551322784237e8
6.031551322784237e8
6.031087759077773e8
6.031087759077773e8
6.031087759077773e8
6.031087759077773e8
6.03062346672744e8
6.03062346672744e8
6.03062346672744e8
6.030158152558916e8
6.030158152558916e8
6.030158152558916e8
6.030158152558916e8
6.029691699684069e8
6.029691699684069e8
6.029691699684069e8
6.029229952924465e8
6.029229952924465e8
6.029229952924465e8
6.029229952924465e8
6.028766090479108e8
6.028766090479108e8
6.028766090479108e8
6.028301853020558e8
6.028301853020558e8
6.028301853020558e8
6.028301853020558e8
6.027839251684939e8
6.027839251684939e8
6.027839251684939e8
6.027376135783772e8
6.027376135783772e8
6.027376135783772e8
6.027376135783772e8
6.026912740251293e8
6.026912740251293e8
6.026912740251293e8
6.026447678822837e8
6.026447678822837e8
6.026447678822837e8
6.026447678822837e8
6.025983394825693e8
6.025983394825693e8
6.025983394825693e8
6.025519712007921e8
6.025519712007921e8
6.025519712007921e8
6.025519712007921e8
6.025055808641797e8
6.025055808641797e8
6.025055808641797e8
6.024591215339063e8
6.024591215339063e8
6.024591215339063e8
6.024591215339063e8
6.024125580210404e8
6.024125580210404e8
6.024125580210404e8
6.024125580210404e8
6.023660112501135e8
6.023660112501135e8
6.023660112501135e8
6.023193544380022e8
6.023193544380022e8
6.023193544380022e8
6.02272443287369e8
6.02272443287369e8
6.02272443287369e8
6.02272443287369e8
6.022254163268088e8
6.022254163268088e8
6.022254163268088e8
6.021783850231401e8
6.021783850231401e8
6.021783850231401e8
6.021783850231401e8
6.021311933923279e8
6.021311933923279e8
6.021311933923279e8
6.021311933923279e8
6.020838391312482e8
6.020838391312482e8
6.020838391312482e8
6.02036148749183e8
6.02036148749183e8
6.02036148749183e8
6.019884869584585e8
6.019884869584585e8
6.019884869584585e8
6.019884869584585e8
6.019404857167631e8
6.019404857167631e8
6.019404857167631e8
6.018924451813896e8
6.018924451813896e8
6.018924451813896e8
6.018924451813896e8
6.018443946716067e8
6.018443946716067e8
6.018443946716067e8
6.017962721552188e8
6.017962721552188e8
6.017962721552188e8
6.017962721552188e8
6.017481572850667e8
6.017481572850667e8
6.017481572850667e8
6.016999973141353e8
6.016999973141353e8
6.016999973141353e8
6.016999973141353e8
6.016515720449121e8
6.016515720449121e8
6.016515720449121e8
6.016515720449121e8
6.016032223199078e8
6.016032223199078e8
6.016032223199078e8
6.015548744157634e8
6.015548744157634e8
6.015548744157634e8
6.015065459081715e8
6.015065459081715e8
6.015065459081715e8
6.015065459081715e8
6.01458351436311e8
6.01458351436311e8
6.01458351436311e8
6.014101880261286e8
6.014101880261286e8
6.014101880261286e8
6.014101880261286e8
6.013618858082035e8
6.013618858082035e8
6.013618858082035e8
6.013135593977426e8
6.013135593977426e8
6.013135593977426e8
6.013135593977426e8
6.012651443458242e8
6.012651443458242e8
6.012651443458242e8
6.012166731970863e8
6.012166731970863e8
6.012166731970863e8
6.012166731970863e8
6.011682831601254e8
6.011682831601254e8
6.011682831601254e8
6.011196280809001e8
6.011196280809001e8
6.011196280809001e8
6.011196280809001e8
6.010708810814431e8
6.010708810814431e8
6.010708810814431e8
6.010220948701962e8
