Lon	 Lat
171.470108 	 -83.748747 
171.475030 	 -83.748737 
171.475030 	 -83.748737 
171.475030 	 -83.748737 
171.475030 	 -83.748737 
171.479940 	 -83.748682 
171.479940 	 -83.748682 
171.479940 	 -83.748682 
171.484810 	 -83.748585 
171.484810 	 -83.748585 
171.484810 	 -83.748585 
171.484810 	 -83.748585 
171.489603 	 -83.748447 
171.489603 	 -83.748447 
171.489603 	 -83.748447 
171.494295 	 -83.748270 
171.494295 	 -83.748270 
171.494295 	 -83.748270 
171.498877 	 -83.748060 
171.498877 	 -83.748060 
171.498877 	 -83.748060 
171.498877 	 -83.748060 
171.503333 	 -83.747813 
171.503333 	 -83.747813 
171.503333 	 -83.747813 
171.507628 	 -83.747530 
171.507628 	 -83.747530 
171.507628 	 -83.747530 
171.511730 	 -83.747210 
171.511730 	 -83.747210 
171.511730 	 -83.747210 
171.511730 	 -83.747210 
171.515612 	 -83.746857 
171.515612 	 -83.746857 
171.515612 	 -83.746857 
171.519338 	 -83.746480 
171.519338 	 -83.746480 
171.519338 	 -83.746480 
171.522930 	 -83.746087 
171.522930 	 -83.746087 
171.522930 	 -83.746087 
171.522930 	 -83.746087 
171.526398 	 -83.745678 
171.526398 	 -83.745678 
171.526398 	 -83.745678 
171.529775 	 -83.745265 
171.529775 	 -83.745265 
171.529775 	 -83.745265 
171.529775 	 -83.745265 
171.533132 	 -83.744850 
171.533132 	 -83.744850 
171.533132 	 -83.744850 
171.536475 	 -83.744435 
171.536475 	 -83.744435 
171.536475 	 -83.744435 
171.539840 	 -83.744025 
171.539840 	 -83.744025 
171.539840 	 -83.744025 
171.539840 	 -83.744025 
171.543205 	 -83.743612 
171.543205 	 -83.743612 
171.543205 	 -83.743612 
171.546562 	 -83.743198 
171.546562 	 -83.743198 
171.546562 	 -83.743198 
171.549937 	 -83.742783 
171.549937 	 -83.742783 
171.549937 	 -83.742783 
171.549937 	 -83.742783 
171.553487 	 -83.742382 
171.553487 	 -83.742382 
171.553487 	 -83.742382 
171.557052 	 -83.741990 
171.557052 	 -83.741990 
171.557052 	 -83.741990 
171.560602 	 -83.741518 
171.560602 	 -83.741518 
171.560602 	 -83.741518 
171.560602 	 -83.741518 
171.564155 	 -83.741130 
171.564155 	 -83.741130 
171.564155 	 -83.741130 
171.567735 	 -83.740722 
171.567735 	 -83.740722 
171.567735 	 -83.740722 
171.571377 	 -83.740318 
171.571377 	 -83.740318 
171.571377 	 -83.740318 
171.575225 	 -83.739940 
171.575225 	 -83.739940 
171.575225 	 -83.739940 
171.575225 	 -83.739940 
171.579067 	 -83.739562 
171.579067 	 -83.739562 
171.579067 	 -83.739562 
171.583025 	 -83.739203 
171.583025 	 -83.739203 
171.583025 	 -83.739203 
171.587105 	 -83.738860 
171.587105 	 -83.738860 
171.587105 	 -83.738860 
171.587105 	 -83.738860 
171.591222 	 -83.738527 
171.591222 	 -83.738527 
171.591222 	 -83.738527 
171.595333 	 -83.738195 
171.595333 	 -83.738195 
171.595333 	 -83.738195 
171.595333 	 -83.738195 
171.599420 	 -83.737863 
171.599420 	 -83.737863 
171.599420 	 -83.737863 
171.603483 	 -83.737528 
171.603483 	 -83.737528 
171.603483 	 -83.737528 
171.607495 	 -83.737188 
171.607495 	 -83.737188 
171.607495 	 -83.737188 
171.607495 	 -83.737188 
171.611457 	 -83.736843 
171.611457 	 -83.736843 
171.611457 	 -83.736843 
171.615388 	 -83.736495 
171.615388 	 -83.736495 
171.615388 	 -83.736495 
171.619297 	 -83.736140 
171.619297 	 -83.736140 
171.619297 	 -83.736140 
171.619297 	 -83.736140 
171.623195 	 -83.735792 
171.623195 	 -83.735792 
171.623195 	 -83.735792 
171.627077 	 -83.735433 
171.627077 	 -83.735433 
171.627077 	 -83.735433 
171.630963 	 -83.735082 
171.630963 	 -83.735082 
171.630963 	 -83.735082 
171.630963 	 -83.735082 
171.634832 	 -83.734728 
171.634832 	 -83.734728 
171.634832 	 -83.734728 
171.638657 	 -83.734373 
171.638657 	 -83.734373 
171.638657 	 -83.734373 
171.642520 	 -83.734023 
171.642520 	 -83.734023 
171.642520 	 -83.734023 
171.642520 	 -83.734023 
171.646383 	 -83.733677 
171.646383 	 -83.733677 
171.646383 	 -83.733677 
171.650262 	 -83.733335 
171.650262 	 -83.733335 
171.650262 	 -83.733335 
171.654152 	 -83.732998 
171.654152 	 -83.732998 
171.654152 	 -83.732998 
171.654152 	 -83.732998 
171.658043 	 -83.732665 
171.658043 	 -83.732665 
171.658043 	 -83.732665 
171.661948 	 -83.732333 
171.661948 	 -83.732333 
171.661948 	 -83.732333 
171.661948 	 -83.732333 
171.665848 	 -83.732005 
171.665848 	 -83.732005 
171.665848 	 -83.732005 
171.669743 	 -83.731678 
171.669743 	 -83.731678 
171.669743 	 -83.731678 
171.673618 	 -83.731352 
171.673618 	 -83.731352 
171.673618 	 -83.731352 
171.677475 	 -83.731027 
171.677475 	 -83.731027 
171.677475 	 -83.731027 
171.677475 	 -83.731027 
171.681308 	 -83.730702 
171.681308 	 -83.730702 
171.681308 	 -83.730702 
171.685117 	 -83.730378 
171.685117 	 -83.730378 
171.685117 	 -83.730378 
171.688910 	 -83.730058 
171.688910 	 -83.730058 
171.688910 	 -83.730058 
171.692688 	 -83.729738 
171.692688 	 -83.729738 
171.692688 	 -83.729738 
171.692688 	 -83.729738 
171.696455 	 -83.729418 
171.696455 	 -83.729418 
171.696455 	 -83.729418 
171.700205 	 -83.729100 
171.700205 	 -83.729100 
171.700205 	 -83.729100 
171.703933 	 -83.728780 
171.703933 	 -83.728780 
171.703933 	 -83.728780 
171.703933 	 -83.728780 
171.707642 	 -83.728457 
171.707642 	 -83.728457 
171.707642 	 -83.728457 
171.711335 	 -83.728133 
171.711335 	 -83.728133 
171.711335 	 -83.728133 
171.715030 	 -83.727808 
171.715030 	 -83.727808 
171.715030 	 -83.727808 
171.715030 	 -83.727808 
171.718727 	 -83.727485 
171.718727 	 -83.727485 
171.718727 	 -83.727485 
171.722415 	 -83.727162 
171.722415 	 -83.727162 
171.722415 	 -83.727162 
171.726110 	 -83.726838 
171.726110 	 -83.726838 
171.726110 	 -83.726838 
171.726110 	 -83.726838 
171.729803 	 -83.726515 
171.729803 	 -83.726515 
171.729803 	 -83.726515 
171.733517 	 -83.726192 
171.733517 	 -83.726192 
171.733517 	 -83.726192 
171.733517 	 -83.726192 
171.737235 	 -83.725868 
171.737235 	 -83.725868 
171.737235 	 -83.725868 
171.740967 	 -83.725545 
171.740967 	 -83.725545 
171.740967 	 -83.725545 
171.744728 	 -83.725223 
171.744728 	 -83.725223 
171.744728 	 -83.725223 
171.748510 	 -83.724898 
171.748510 	 -83.724898 
171.748510 	 -83.724898 
171.752267 	 -83.724577 
171.752267 	 -83.724577 
171.752267 	 -83.724577 
171.752267 	 -83.724577 
171.755975 	 -83.724260 
171.755975 	 -83.724260 
171.755975 	 -83.724260 
171.759678 	 -83.723943 
171.759678 	 -83.723943 
171.759678 	 -83.723943 
171.759678 	 -83.723943 
171.763370 	 -83.723633 
171.763370 	 -83.723633 
171.763370 	 -83.723633 
171.767082 	 -83.723317 
171.767082 	 -83.723317 
171.767082 	 -83.723317 
171.770768 	 -83.723005 
171.770768 	 -83.723005 
171.770768 	 -83.723005 
171.770768 	 -83.723005 
171.774420 	 -83.722698 
171.774420 	 -83.722698 
171.774420 	 -83.722698 
171.778082 	 -83.722392 
171.778082 	 -83.722392 
171.778082 	 -83.722392 
171.778082 	 -83.722392 
171.781743 	 -83.722090 
171.781743 	 -83.722090 
171.781743 	 -83.722090 
171.785415 	 -83.721790 
171.785415 	 -83.721790 
171.785415 	 -83.721790 
171.789098 	 -83.721493 
171.789098 	 -83.721493 
171.789098 	 -83.721493 
171.792798 	 -83.721195 
171.792798 	 -83.721195 
171.792798 	 -83.721195 
171.792798 	 -83.721195 
171.796498 	 -83.720895 
171.796498 	 -83.720895 
171.796498 	 -83.720895 
171.800183 	 -83.720597 
171.800183 	 -83.720597 
171.800183 	 -83.720597 
171.800183 	 -83.720597 
171.803820 	 -83.720288 
171.803820 	 -83.720288 
171.803820 	 -83.720288 
171.807462 	 -83.719977 
171.807462 	 -83.719977 
171.807462 	 -83.719977 
171.811112 	 -83.719665 
171.811112 	 -83.719665 
171.811112 	 -83.719665 
171.814768 	 -83.719348 
171.814768 	 -83.719348 
171.814768 	 -83.719348 
171.814768 	 -83.719348 
171.818433 	 -83.719032 
171.818433 	 -83.719032 
171.818433 	 -83.719032 
171.822102 	 -83.718713 
171.822102 	 -83.718713 
171.822102 	 -83.718713 
171.825785 	 -83.718395 
171.825785 	 -83.718395 
171.825785 	 -83.718395 
171.825785 	 -83.718395 
171.829482 	 -83.718073 
171.829482 	 -83.718073 
171.829482 	 -83.718073 
171.833183 	 -83.717750 
171.833183 	 -83.717750 
171.833183 	 -83.717750 
171.836885 	 -83.717427 
171.836885 	 -83.717427 
171.836885 	 -83.717427 
171.836885 	 -83.717427 
171.840597 	 -83.717103 
171.840597 	 -83.717103 
171.840597 	 -83.717103 
171.844322 	 -83.716782 
171.844322 	 -83.716782 
171.844322 	 -83.716782 
171.848048 	 -83.716460 
171.848048 	 -83.716460 
171.848048 	 -83.716460 
171.848048 	 -83.716460 
171.851778 	 -83.716140 
171.851778 	 -83.716140 
171.851778 	 -83.716140 
171.855503 	 -83.715820 
171.855503 	 -83.715820 
171.855503 	 -83.715820 
171.855503 	 -83.715820 
171.859228 	 -83.715500 
171.859228 	 -83.715500 
171.859228 	 -83.715500 
171.862958 	 -83.715182 
171.862958 	 -83.715182 
171.862958 	 -83.715182 
171.866688 	 -83.714862 
171.866688 	 -83.714862 
171.866688 	 -83.714862 
171.870422 	 -83.714543 
171.870422 	 -83.714543 
171.870422 	 -83.714543 
171.870422 	 -83.714543 
171.874145 	 -83.714222 
171.874145 	 -83.714222 
171.874145 	 -83.714222 
171.877833 	 -83.713895 
171.877833 	 -83.713895 
171.877833 	 -83.713895 
171.877833 	 -83.713895 
171.881475 	 -83.713562 
171.881475 	 -83.713562 
171.881475 	 -83.713562 
171.885085 	 -83.713225 
171.885085 	 -83.713225 
171.885085 	 -83.713225 
171.888675 	 -83.712883 
171.888675 	 -83.712883 
171.888675 	 -83.712883 
171.888675 	 -83.712883 
171.892250 	 -83.712542 
171.892250 	 -83.712542 
171.892250 	 -83.712542 
171.895827 	 -83.712198 
171.895827 	 -83.712198 
171.895827 	 -83.712198 
171.899413 	 -83.711857 
171.899413 	 -83.711857 
171.899413 	 -83.711857 
171.903003 	 -83.711513 
171.903003 	 -83.711513 
171.903003 	 -83.711513 
171.903003 	 -83.711513 
171.906598 	 -83.711172 
171.906598 	 -83.711172 
171.906598 	 -83.711172 
171.910197 	 -83.710828 
171.910197 	 -83.710828 
171.910197 	 -83.710828 
171.910197 	 -83.710828 
171.913797 	 -83.710483 
171.913797 	 -83.710483 
171.913797 	 -83.710483 
171.917402 	 -83.710137 
171.917402 	 -83.710137 
171.917402 	 -83.710137 
171.921025 	 -83.709788 
171.921025 	 -83.709788 
171.921025 	 -83.709788 
171.924675 	 -83.709442 
171.924675 	 -83.709442 
171.924675 	 -83.709442 
171.924675 	 -83.709442 
171.928365 	 -83.709095 
171.928365 	 -83.709095 
171.928365 	 -83.709095 
171.932092 	 -83.708752 
171.932092 	 -83.708752 
171.932092 	 -83.708752 
171.935853 	 -83.708410 
171.935853 	 -83.708410 
171.935853 	 -83.708410 
171.935853 	 -83.708410 
171.939645 	 -83.708072 
171.939645 	 -83.708072 
171.939645 	 -83.708072 
171.943462 	 -83.707738 
171.943462 	 -83.707738 
171.943462 	 -83.707738 
171.947275 	 -83.707402 
171.947275 	 -83.707402 
171.947275 	 -83.707402 
171.947275 	 -83.707402 
171.951085 	 -83.707063 
171.951085 	 -83.707063 
171.951085 	 -83.707063 
171.954880 	 -83.706722 
171.954880 	 -83.706722 
171.954880 	 -83.706722 
171.958678 	 -83.706380 
171.958678 	 -83.706380 
171.958678 	 -83.706380 
171.958678 	 -83.706380 
171.962467 	 -83.706035 
171.962467 	 -83.706035 
171.962467 	 -83.706035 
171.966233 	 -83.705688 
171.966233 	 -83.705688 
171.966233 	 -83.705688 
171.970003 	 -83.705342 
171.970003 	 -83.705342 
171.970003 	 -83.705342 
171.970003 	 -83.705342 
171.973775 	 -83.704995 
171.973775 	 -83.704995 
171.973775 	 -83.704995 
171.977540 	 -83.704647 
171.977540 	 -83.704647 
171.977540 	 -83.704647 
171.981302 	 -83.704298 
171.981302 	 -83.704298 
171.981302 	 -83.704298 
171.981302 	 -83.704298 
171.985057 	 -83.703947 
171.985057 	 -83.703947 
171.985057 	 -83.703947 
171.988822 	 -83.703597 
171.988822 	 -83.703597 
171.988822 	 -83.703597 
171.992592 	 -83.703247 
171.992592 	 -83.703247 
171.992592 	 -83.703247 
171.992592 	 -83.703247 
171.996365 	 -83.702895 
171.996365 	 -83.702895 
171.996365 	 -83.702895 
172.000138 	 -83.702545 
172.000138 	 -83.702545 
172.000138 	 -83.702545 
172.003897 	 -83.702190 
172.003897 	 -83.702190 
172.003897 	 -83.702190 
172.003897 	 -83.702190 
172.007627 	 -83.701833 
172.007627 	 -83.701833 
172.007627 	 -83.701833 
172.011338 	 -83.701472 
172.011338 	 -83.701472 
172.011338 	 -83.701472 
172.015045 	 -83.701110 
172.015045 	 -83.701110 
172.015045 	 -83.701110 
172.015045 	 -83.701110 
172.018753 	 -83.700750 
172.018753 	 -83.700750 
172.018753 	 -83.700750 
172.022457 	 -83.700392 
172.022457 	 -83.700392 
172.022457 	 -83.700392 
172.026153 	 -83.700032 
172.026153 	 -83.700032 
172.026153 	 -83.700032 
172.026153 	 -83.700032 
172.029863 	 -83.699672 
172.029863 	 -83.699672 
172.029863 	 -83.699672 
172.033577 	 -83.699312 
172.033577 	 -83.699312 
172.033577 	 -83.699312 
172.033577 	 -83.699312 
172.037297 	 -83.698950 
172.037297 	 -83.698950 
172.037297 	 -83.698950 
172.041033 	 -83.698590 
172.041033 	 -83.698590 
172.041033 	 -83.698590 
172.044795 	 -83.698233 
172.044795 	 -83.698233 
172.044795 	 -83.698233 
172.048613 	 -83.697878 
172.048613 	 -83.697878 
172.048613 	 -83.697878 
172.048613 	 -83.697878 
172.052405 	 -83.697530 
172.052405 	 -83.697530 
172.052405 	 -83.697530 
172.056198 	 -83.697182 
172.056198 	 -83.697182 
172.056198 	 -83.697182 
172.056198 	 -83.697182 
172.059973 	 -83.696835 
172.059973 	 -83.696835 
172.059973 	 -83.696835 
172.063730 	 -83.696488 
172.063730 	 -83.696488 
172.063730 	 -83.696488 
172.067465 	 -83.696142 
172.067465 	 -83.696142 
172.067465 	 -83.696142 
172.071160 	 -83.695792 
172.071160 	 -83.695792 
172.071160 	 -83.695792 
172.071160 	 -83.695792 
172.074823 	 -83.695443 
172.074823 	 -83.695443 
172.074823 	 -83.695443 
172.078448 	 -83.695093 
172.078448 	 -83.695093 
172.078448 	 -83.695093 
172.078448 	 -83.695093 
172.082058 	 -83.694743 
172.082058 	 -83.694743 
172.082058 	 -83.694743 
172.085667 	 -83.694395 
172.085667 	 -83.694395 
172.085667 	 -83.694395 
172.089273 	 -83.694050 
172.089273 	 -83.694050 
172.089273 	 -83.694050 
172.092877 	 -83.693705 
172.092877 	 -83.693705 
172.092877 	 -83.693705 
172.092877 	 -83.693705 
172.096445 	 -83.693358 
172.096445 	 -83.693358 
172.096445 	 -83.693358 
172.100000 	 -83.693013 
172.100000 	 -83.693013 
172.100000 	 -83.693013 
172.103538 	 -83.692668 
172.103538 	 -83.692668 
172.103538 	 -83.692668 
172.103538 	 -83.692668 
172.107065 	 -83.692323 
172.107065 	 -83.692323 
172.107065 	 -83.692323 
172.110587 	 -83.691978 
172.110587 	 -83.691978 
172.110587 	 -83.691978 
172.114117 	 -83.691635 
172.114117 	 -83.691635 
172.114117 	 -83.691635 
172.114117 	 -83.691635 
172.117662 	 -83.691293 
172.117662 	 -83.691293 
172.117662 	 -83.691293 
172.121207 	 -83.690952 
172.121207 	 -83.690952 
172.121207 	 -83.690952 
172.121207 	 -83.690952 
172.124810 	 -83.690618 
172.124810 	 -83.690618 
172.124810 	 -83.690618 
172.128415 	 -83.690288 
172.128415 	 -83.690288 
172.128415 	 -83.690288 
172.132018 	 -83.689957 
172.132018 	 -83.689957 
172.132018 	 -83.689957 
172.132018 	 -83.689957 
172.135617 	 -83.689625 
172.135617 	 -83.689625 
172.135617 	 -83.689625 
172.139210 	 -83.689295 
172.139210 	 -83.689295 
172.139210 	 -83.689295 
172.142790 	 -83.688963 
172.142790 	 -83.688963 
172.142790 	 -83.688963 
172.142790 	 -83.688963 
172.146367 	 -83.688633 
172.146367 	 -83.688633 
172.146367 	 -83.688633 
172.149942 	 -83.688302 
172.149942 	 -83.688302 
172.149942 	 -83.688302 
172.153512 	 -83.687973 
172.153512 	 -83.687973 
172.153512 	 -83.687973 
172.153512 	 -83.687973 
172.157062 	 -83.687642 
172.157062 	 -83.687642 
172.157062 	 -83.687642 
172.160558 	 -83.687308 
172.160558 	 -83.687308 
172.160558 	 -83.687308 
172.164073 	 -83.686975 
172.164073 	 -83.686975 
172.164073 	 -83.686975 
172.164073 	 -83.686975 
172.167565 	 -83.686643 
172.167565 	 -83.686643 
172.167565 	 -83.686643 
172.171035 	 -83.686310 
172.171035 	 -83.686310 
172.171035 	 -83.686310 
172.174485 	 -83.685972 
172.174485 	 -83.685972 
172.174485 	 -83.685972 
172.174485 	 -83.685972 
172.177960 	 -83.685635 
172.177960 	 -83.685635 
172.177960 	 -83.685635 
172.181395 	 -83.685297 
172.181395 	 -83.685297 
172.181395 	 -83.685297 
172.184840 	 -83.684958 
172.184840 	 -83.684958 
172.184840 	 -83.684958 
172.184840 	 -83.684958 
172.188287 	 -83.684620 
172.188287 	 -83.684620 
172.188287 	 -83.684620 
172.191742 	 -83.684278 
172.191742 	 -83.684278 
172.191742 	 -83.684278 
172.191742 	 -83.684278 
172.195192 	 -83.683937 
172.195192 	 -83.683937 
172.195192 	 -83.683937 
172.198642 	 -83.683597 
172.198642 	 -83.683597 
172.198642 	 -83.683597 
172.202093 	 -83.683257 
172.202093 	 -83.683257 
172.202093 	 -83.683257 
172.205568 	 -83.682915 
172.205568 	 -83.682915 
172.205568 	 -83.682915 
172.205568 	 -83.682915 
172.209122 	 -83.682592 
172.209122 	 -83.682592 
172.209122 	 -83.682592 
172.212682 	 -83.682278 
172.212682 	 -83.682278 
172.212682 	 -83.682278 
172.216190 	 -83.681958 
172.216190 	 -83.681958 
172.216190 	 -83.681958 
172.219712 	 -83.681650 
172.219712 	 -83.681650 
172.219712 	 -83.681650 
172.219712 	 -83.681650 
172.223213 	 -83.681345 
172.223213 	 -83.681345 
172.223213 	 -83.681345 
172.226680 	 -83.681038 
172.226680 	 -83.681038 
172.226680 	 -83.681038 
172.230110 	 -83.680732 
172.230110 	 -83.680732 
172.230110 	 -83.680732 
172.230110 	 -83.680732 
172.233517 	 -83.680423 
172.233517 	 -83.680423 
172.233517 	 -83.680423 
172.236905 	 -83.680115 
172.236905 	 -83.680115 
172.236905 	 -83.680115 
172.240280 	 -83.679807 
172.240280 	 -83.679807 
172.240280 	 -83.679807 
172.240280 	 -83.679807 
172.243632 	 -83.679498 
172.243632 	 -83.679498 
172.243632 	 -83.679498 
172.246977 	 -83.679188 
172.246977 	 -83.679188 
172.246977 	 -83.679188 
172.250312 	 -83.678875 
172.250312 	 -83.678875 
172.250312 	 -83.678875 
172.250312 	 -83.678875 
172.253652 	 -83.678563 
172.253652 	 -83.678563 
172.253652 	 -83.678563 
172.257005 	 -83.678250 
172.257005 	 -83.678250 
172.257005 	 -83.678250 
172.260330 	 -83.677942 
172.260330 	 -83.677942 
172.260330 	 -83.677942 
172.260330 	 -83.677942 
172.263693 	 -83.677630 
172.263693 	 -83.677630 
172.263693 	 -83.677630 
172.267095 	 -83.677315 
172.267095 	 -83.677315 
172.267095 	 -83.677315 
172.270487 	 -83.677002 
172.270487 	 -83.677002 
172.270487 	 -83.677002 
172.270487 	 -83.677002 
172.273880 	 -83.676682 
172.273880 	 -83.676682 
172.273880 	 -83.676682 
172.277265 	 -83.676357 
172.277265 	 -83.676357 
172.277265 	 -83.676357 
172.280648 	 -83.676035 
172.280648 	 -83.676035 
172.280648 	 -83.676035 
172.280648 	 -83.676035 
172.284037 	 -83.675710 
172.284037 	 -83.675710 
172.284037 	 -83.675710 
172.287417 	 -83.675387 
172.287417 	 -83.675387 
172.287417 	 -83.675387 
172.290797 	 -83.675065 
172.290797 	 -83.675065 
172.290797 	 -83.675065 
172.290797 	 -83.675065 
172.294200 	 -83.674745 
172.294200 	 -83.674745 
172.294200 	 -83.674745 
172.297717 	 -83.674445 
172.297717 	 -83.674445 
172.297717 	 -83.674445 
172.301230 	 -83.674147 
172.301230 	 -83.674147 
172.301230 	 -83.674147 
172.301230 	 -83.674147 
172.304740 	 -83.673850 
172.304740 	 -83.673850 
172.304740 	 -83.673850 
172.308228 	 -83.673553 
172.308228 	 -83.673553 
172.308228 	 -83.673553 
172.311687 	 -83.673252 
172.311687 	 -83.673252 
172.311687 	 -83.673252 
172.311687 	 -83.673252 
172.315142 	 -83.672950 
172.315142 	 -83.672950 
172.315142 	 -83.672950 
172.318583 	 -83.672650 
172.318583 	 -83.672650 
172.318583 	 -83.672650 
172.321997 	 -83.672345 
172.321997 	 -83.672345 
172.321997 	 -83.672345 
172.321997 	 -83.672345 
172.325380 	 -83.672035 
172.325380 	 -83.672035 
172.325380 	 -83.672035 
172.328767 	 -83.671725 
172.328767 	 -83.671725 
172.328767 	 -83.671725 
172.332145 	 -83.671415 
172.332145 	 -83.671415 
172.332145 	 -83.671415 
172.332145 	 -83.671415 
172.335515 	 -83.671105 
172.335515 	 -83.671105 
172.335515 	 -83.671105 
172.338878 	 -83.670793 
172.338878 	 -83.670793 
172.338878 	 -83.670793 
172.342242 	 -83.670482 
172.342242 	 -83.670482 
172.342242 	 -83.670482 
172.342242 	 -83.670482 
172.345620 	 -83.670170 
172.345620 	 -83.670170 
172.345620 	 -83.670170 
172.349002 	 -83.669858 
172.349002 	 -83.669858 
172.349002 	 -83.669858 
172.352372 	 -83.669545 
172.352372 	 -83.669545 
172.352372 	 -83.669545 
172.352372 	 -83.669545 
172.355727 	 -83.669228 
172.355727 	 -83.669228 
172.355727 	 -83.669228 
172.359087 	 -83.668912 
172.359087 	 -83.668912 
172.359087 	 -83.668912 
172.362448 	 -83.668595 
172.362448 	 -83.668595 
172.362448 	 -83.668595 
172.362448 	 -83.668595 
172.365808 	 -83.668278 
172.365808 	 -83.668278 
172.365808 	 -83.668278 
172.369178 	 -83.667965 
172.369178 	 -83.667965 
172.369178 	 -83.667965 
172.369178 	 -83.667965 
172.372560 	 -83.667653 
172.372560 	 -83.667653 
172.372560 	 -83.667653 
172.375933 	 -83.667340 
172.375933 	 -83.667340 
172.375933 	 -83.667340 
172.379313 	 -83.667030 
172.379313 	 -83.667030 
172.379313 	 -83.667030 
172.379313 	 -83.667030 
172.382698 	 -83.666720 
172.382698 	 -83.666720 
172.382698 	 -83.666720 
172.386085 	 -83.666412 
172.386085 	 -83.666412 
172.386085 	 -83.666412 
172.389478 	 -83.666102 
172.389478 	 -83.666102 
172.389478 	 -83.666102 
172.389478 	 -83.666102 
172.392875 	 -83.665792 
172.392875 	 -83.665792 
172.392875 	 -83.665792 
172.396272 	 -83.665483 
172.396272 	 -83.665483 
172.396272 	 -83.665483 
172.399670 	 -83.665172 
172.399670 	 -83.665172 
172.399670 	 -83.665172 
172.399670 	 -83.665172 
172.403065 	 -83.664860 
172.403065 	 -83.664860 
172.403065 	 -83.664860 
172.406452 	 -83.664555 
172.406452 	 -83.664555 
172.406452 	 -83.664555 
172.409827 	 -83.664240 
172.409827 	 -83.664240 
172.409827 	 -83.664240 
172.409827 	 -83.664240 
172.413202 	 -83.663922 
172.413202 	 -83.663922 
172.413202 	 -83.663922 
172.416585 	 -83.663605 
172.416585 	 -83.663605 
172.416585 	 -83.663605 
172.419965 	 -83.663287 
172.419965 	 -83.663287 
172.419965 	 -83.663287 
172.419965 	 -83.663287 
172.423340 	 -83.662968 
172.423340 	 -83.662968 
172.423340 	 -83.662968 
172.426707 	 -83.662652 
172.426707 	 -83.662652 
172.426707 	 -83.662652 
172.430065 	 -83.662333 
172.430065 	 -83.662333 
172.430065 	 -83.662333 
172.430065 	 -83.662333 
172.433422 	 -83.662015 
172.433422 	 -83.662015 
172.433422 	 -83.662015 
172.436773 	 -83.661697 
172.436773 	 -83.661697 
172.436773 	 -83.661697 
172.440122 	 -83.661378 
172.440122 	 -83.661378 
172.440122 	 -83.661378 
172.440122 	 -83.661378 
172.443468 	 -83.661060 
172.443468 	 -83.661060 
172.443468 	 -83.661060 
172.446813 	 -83.660743 
172.446813 	 -83.660743 
172.446813 	 -83.660743 
172.450162 	 -83.660427 
172.450162 	 -83.660427 
172.450162 	 -83.660427 
172.450162 	 -83.660427 
172.453508 	 -83.660112 
172.453508 	 -83.660112 
172.453508 	 -83.660112 
172.456852 	 -83.659793 
172.456852 	 -83.659793 
172.456852 	 -83.659793 
172.460200 	 -83.659475 
172.460200 	 -83.659475 
172.460200 	 -83.659475 
172.460200 	 -83.659475 
172.463555 	 -83.659157 
172.463555 	 -83.659157 
172.463555 	 -83.659157 
172.466913 	 -83.658840 
172.466913 	 -83.658840 
172.466913 	 -83.658840 
172.470278 	 -83.658522 
172.470278 	 -83.658522 
172.470278 	 -83.658522 
172.470278 	 -83.658522 
172.487157 	 -83.656925 
172.487157 	 -83.656925 
172.487157 	 -83.656925 
172.487157 	 -83.656925 
172.490540 	 -83.656605 
172.490540 	 -83.656605 
172.490540 	 -83.656605 
172.493920 	 -83.656283 
172.493920 	 -83.656283 
172.493920 	 -83.656283 
172.497302 	 -83.655963 
172.497302 	 -83.655963 
172.497302 	 -83.655963 
172.497302 	 -83.655963 
172.500677 	 -83.655643 
172.500677 	 -83.655643 
172.500677 	 -83.655643 
172.504055 	 -83.655323 
172.504055 	 -83.655323 
172.504055 	 -83.655323 
172.507438 	 -83.655002 
172.507438 	 -83.655002 
172.507438 	 -83.655002 
172.510827 	 -83.654682 
172.510827 	 -83.654682 
172.510827 	 -83.654682 
172.510827 	 -83.654682 
172.514222 	 -83.654363 
172.514222 	 -83.654363 
172.514222 	 -83.654363 
172.517625 	 -83.654047 
172.517625 	 -83.654047 
172.517625 	 -83.654047 
172.521027 	 -83.653730 
172.521027 	 -83.653730 
172.521027 	 -83.653730 
172.521027 	 -83.653730 
172.524435 	 -83.653415 
172.524435 	 -83.653415 
172.524435 	 -83.653415 
172.527847 	 -83.653098 
172.527847 	 -83.653098 
172.527847 	 -83.653098 
172.531260 	 -83.652782 
172.531260 	 -83.652782 
172.531260 	 -83.652782 
172.534677 	 -83.652468 
172.534677 	 -83.652468 
172.534677 	 -83.652468 
172.534677 	 -83.652468 
172.538090 	 -83.652153 
172.538090 	 -83.652153 
172.538090 	 -83.652153 
172.541497 	 -83.651838 
172.541497 	 -83.651838 
172.541497 	 -83.651838 
172.544898 	 -83.651523 
172.544898 	 -83.651523 
172.544898 	 -83.651523 
172.544898 	 -83.651523 
172.548295 	 -83.651208 
172.548295 	 -83.651208 
172.548295 	 -83.651208 
172.551688 	 -83.650893 
172.551688 	 -83.650893 
172.551688 	 -83.650893 
172.551688 	 -83.650893 
172.555075 	 -83.650577 
172.555075 	 -83.650577 
172.555075 	 -83.650577 
172.558475 	 -83.650260 
172.558475 	 -83.650260 
172.558475 	 -83.650260 
172.561875 	 -83.649943 
172.561875 	 -83.649943 
172.561875 	 -83.649943 
172.565277 	 -83.649623 
172.565277 	 -83.649623 
172.565277 	 -83.649623 
172.565277 	 -83.649623 
172.568673 	 -83.649303 
172.568673 	 -83.649303 
172.568673 	 -83.649303 
172.572077 	 -83.648980 
172.572077 	 -83.648980 
172.572077 	 -83.648980 
172.575497 	 -83.648657 
172.575497 	 -83.648657 
172.575497 	 -83.648657 
172.575497 	 -83.648657 
172.578930 	 -83.648332 
172.578930 	 -83.648332 
172.578930 	 -83.648332 
172.582398 	 -83.648003 
172.582398 	 -83.648003 
172.582398 	 -83.648003 
172.585885 	 -83.647677 
172.585885 	 -83.647677 
172.585885 	 -83.647677 
172.585885 	 -83.647677 
172.589398 	 -83.647348 
172.589398 	 -83.647348 
172.589398 	 -83.647348 
172.592928 	 -83.647020 
172.592928 	 -83.647020 
172.592928 	 -83.647020 
172.596478 	 -83.646690 
172.596478 	 -83.646690 
172.596478 	 -83.646690 
172.596478 	 -83.646690 
172.600037 	 -83.646360 
172.600037 	 -83.646360 
172.600037 	 -83.646360 
172.603598 	 -83.646030 
172.603598 	 -83.646030 
172.603598 	 -83.646030 
172.607157 	 -83.645700 
172.607157 	 -83.645700 
172.607157 	 -83.645700 
172.607157 	 -83.645700 
172.610738 	 -83.645372 
172.610738 	 -83.645372 
172.610738 	 -83.645372 
172.614318 	 -83.645045 
172.614318 	 -83.645045 
172.614318 	 -83.645045 
172.617897 	 -83.644717 
172.617897 	 -83.644717 
172.617897 	 -83.644717 
172.617897 	 -83.644717 
172.621482 	 -83.644392 
172.621482 	 -83.644392 
172.621482 	 -83.644392 
172.625068 	 -83.644068 
172.625068 	 -83.644068 
172.625068 	 -83.644068 
172.628650 	 -83.643745 
172.628650 	 -83.643745 
172.628650 	 -83.643745 
172.632225 	 -83.643423 
172.632225 	 -83.643423 
172.632225 	 -83.643423 
172.632225 	 -83.643423 
172.635792 	 -83.643102 
172.635792 	 -83.643102 
172.635792 	 -83.643102 
172.639362 	 -83.642783 
172.639362 	 -83.642783 
172.639362 	 -83.642783 
172.639362 	 -83.642783 
172.642945 	 -83.642463 
172.642945 	 -83.642463 
172.642945 	 -83.642463 
172.646538 	 -83.642148 
172.646538 	 -83.642148 
172.646538 	 -83.642148 
172.650142 	 -83.641833 
172.650142 	 -83.641833 
172.650142 	 -83.641833 
172.653747 	 -83.641518 
172.653747 	 -83.641518 
172.653747 	 -83.641518 
172.653747 	 -83.641518 
172.657352 	 -83.641205 
172.657352 	 -83.641205 
172.657352 	 -83.641205 
172.660955 	 -83.640893 
172.660955 	 -83.640893 
172.660955 	 -83.640893 
172.664558 	 -83.640583 
172.664558 	 -83.640583 
172.664558 	 -83.640583 
172.664558 	 -83.640583 
172.668162 	 -83.640277 
172.668162 	 -83.640277 
172.668162 	 -83.640277 
172.671772 	 -83.639970 
172.671772 	 -83.639970 
172.671772 	 -83.639970 
172.671772 	 -83.639970 
172.675390 	 -83.639667 
172.675390 	 -83.639667 
172.675390 	 -83.639667 
172.679012 	 -83.639363 
172.679012 	 -83.639363 
172.679012 	 -83.639363 
172.682633 	 -83.639060 
172.682633 	 -83.639060 
172.682633 	 -83.639060 
172.686252 	 -83.638757 
172.686252 	 -83.638757 
172.686252 	 -83.638757 
172.686252 	 -83.638757 
172.689865 	 -83.638453 
172.689865 	 -83.638453 
172.689865 	 -83.638453 
172.693465 	 -83.638153 
172.693465 	 -83.638153 
172.693465 	 -83.638153 
172.693465 	 -83.638153 
172.697047 	 -83.637853 
172.697047 	 -83.637853 
172.697047 	 -83.637853 
172.700608 	 -83.637555 
172.700608 	 -83.637555 
172.700608 	 -83.637555 
172.704160 	 -83.637258 
172.704160 	 -83.637258 
172.704160 	 -83.637258 
172.704160 	 -83.637258 
172.707700 	 -83.636962 
172.707700 	 -83.636962 
172.707700 	 -83.636962 
172.711228 	 -83.636663 
172.711228 	 -83.636663 
172.711228 	 -83.636663 
172.714738 	 -83.636363 
172.714738 	 -83.636363 
172.714738 	 -83.636363 
172.714738 	 -83.636363 
172.718212 	 -83.636057 
172.718212 	 -83.636057 
172.718212 	 -83.636057 
172.721650 	 -83.635745 
172.721650 	 -83.635745 
172.721650 	 -83.635745 
172.725055 	 -83.635430 
172.725055 	 -83.635430 
172.725055 	 -83.635430 
172.725055 	 -83.635430 
172.728447 	 -83.635113 
172.728447 	 -83.635113 
172.728447 	 -83.635113 
172.731832 	 -83.634797 
172.731832 	 -83.634797 
172.731832 	 -83.634797 
172.731832 	 -83.634797 
172.735232 	 -83.634482 
172.735232 	 -83.634482 
172.735232 	 -83.634482 
172.738655 	 -83.634165 
172.738655 	 -83.634165 
172.738655 	 -83.634165 
172.742090 	 -83.633848 
172.742090 	 -83.633848 
172.742090 	 -83.633848 
172.742090 	 -83.633848 
172.745535 	 -83.633532 
172.745535 	 -83.633532 
172.745535 	 -83.633532 
172.748998 	 -83.633215 
172.748998 	 -83.633215 
172.748998 	 -83.633215 
172.752462 	 -83.632898 
172.752462 	 -83.632898 
172.752462 	 -83.632898 
172.752462 	 -83.632898 
172.755933 	 -83.632583 
172.755933 	 -83.632583 
172.755933 	 -83.632583 
172.759412 	 -83.632268 
172.759412 	 -83.632268 
172.759412 	 -83.632268 
172.762883 	 -83.631952 
172.762883 	 -83.631952 
172.762883 	 -83.631952 
172.766353 	 -83.631635 
172.766353 	 -83.631635 
172.766353 	 -83.631635 
172.766353 	 -83.631635 
172.769815 	 -83.631317 
172.769815 	 -83.631317 
172.769815 	 -83.631317 
172.773280 	 -83.630997 
172.773280 	 -83.630997 
172.773280 	 -83.630997 
172.776748 	 -83.630677 
172.776748 	 -83.630677 
172.776748 	 -83.630677 
172.776748 	 -83.630677 
172.780213 	 -83.630357 
172.780213 	 -83.630357 
172.780213 	 -83.630357 
172.783673 	 -83.630035 
172.783673 	 -83.630035 
172.783673 	 -83.630035 
172.783673 	 -83.630035 
172.787135 	 -83.629712 
172.787135 	 -83.629712 
172.787135 	 -83.629712 
172.790600 	 -83.629390 
172.790600 	 -83.629390 
172.790600 	 -83.629390 
172.794078 	 -83.629065 
172.794078 	 -83.629065 
172.794078 	 -83.629065 
172.797563 	 -83.628738 
172.797563 	 -83.628738 
172.797563 	 -83.628738 
172.797563 	 -83.628738 
172.801063 	 -83.628412 
172.801063 	 -83.628412 
172.801063 	 -83.628412 
172.804588 	 -83.628085 
172.804588 	 -83.628085 
172.804588 	 -83.628085 
172.808135 	 -83.627757 
172.808135 	 -83.627757 
172.808135 	 -83.627757 
172.808135 	 -83.627757 
172.811695 	 -83.627430 
172.811695 	 -83.627430 
172.811695 	 -83.627430 
172.815287 	 -83.627103 
172.815287 	 -83.627103 
172.815287 	 -83.627103 
172.818910 	 -83.626778 
172.818910 	 -83.626778 
172.818910 	 -83.626778 
172.818910 	 -83.626778 
172.822563 	 -83.626453 
172.822563 	 -83.626453 
172.822563 	 -83.626453 
172.826218 	 -83.626128 
172.826218 	 -83.626128 
172.826218 	 -83.626128 
172.829898 	 -83.625803 
172.829898 	 -83.625803 
172.829898 	 -83.625803 
172.829898 	 -83.625803 
172.833585 	 -83.625477 
172.833585 	 -83.625477 
172.833585 	 -83.625477 
172.837272 	 -83.625150 
172.837272 	 -83.625150 
172.837272 	 -83.625150 
172.840960 	 -83.624823 
172.840960 	 -83.624823 
172.840960 	 -83.624823 
172.840960 	 -83.624823 
172.844650 	 -83.624497 
172.844650 	 -83.624497 
172.844650 	 -83.624497 
172.848328 	 -83.624170 
172.848328 	 -83.624170 
172.848328 	 -83.624170 
172.851993 	 -83.623840 
172.851993 	 -83.623840 
172.851993 	 -83.623840 
172.855622 	 -83.623508 
172.855622 	 -83.623508 
172.855622 	 -83.623508 
172.855622 	 -83.623508 
172.859237 	 -83.623173 
172.859237 	 -83.623173 
172.859237 	 -83.623173 
172.862855 	 -83.622837 
172.862855 	 -83.622837 
172.862855 	 -83.622837 
172.862855 	 -83.622837 
172.866473 	 -83.622502 
172.866473 	 -83.622502 
172.866473 	 -83.622502 
172.870082 	 -83.622163 
172.870082 	 -83.622163 
172.870082 	 -83.622163 
172.873692 	 -83.621827 
172.873692 	 -83.621827 
172.873692 	 -83.621827 
172.877297 	 -83.621488 
172.877297 	 -83.621488 
172.877297 	 -83.621488 
172.877297 	 -83.621488 
172.880898 	 -83.621150 
172.880898 	 -83.621150 
172.880898 	 -83.621150 
172.884487 	 -83.620810 
172.884487 	 -83.620810 
172.884487 	 -83.620810 
172.888067 	 -83.620470 
172.888067 	 -83.620470 
172.888067 	 -83.620470 
172.891643 	 -83.620128 
172.891643 	 -83.620128 
172.891643 	 -83.620128 
172.891643 	 -83.620128 
172.895217 	 -83.619788 
172.895217 	 -83.619788 
172.895217 	 -83.619788 
172.898788 	 -83.619447 
172.898788 	 -83.619447 
172.898788 	 -83.619447 
172.898788 	 -83.619447 
172.902355 	 -83.619105 
172.902355 	 -83.619105 
172.902355 	 -83.619105 
172.905932 	 -83.618765 
172.905932 	 -83.618765 
172.905932 	 -83.618765 
172.909492 	 -83.618420 
172.909492 	 -83.618420 
172.909492 	 -83.618420 
172.909492 	 -83.618420 
172.913055 	 -83.618077 
172.913055 	 -83.618077 
172.913055 	 -83.618077 
172.916620 	 -83.617733 
172.916620 	 -83.617733 
172.916620 	 -83.617733 
172.920197 	 -83.617388 
172.920197 	 -83.617388 
172.920197 	 -83.617388 
172.923782 	 -83.617045 
172.923782 	 -83.617045 
172.923782 	 -83.617045 
172.923782 	 -83.617045 
172.927365 	 -83.616702 
172.927365 	 -83.616702 
172.927365 	 -83.616702 
172.930938 	 -83.616358 
172.930938 	 -83.616358 
172.930938 	 -83.616358 
172.930938 	 -83.616358 
172.934498 	 -83.616015 
172.934498 	 -83.616015 
172.934498 	 -83.616015 
172.938043 	 -83.615670 
172.938043 	 -83.615670 
172.938043 	 -83.615670 
172.941578 	 -83.615328 
172.941578 	 -83.615328 
172.941578 	 -83.615328 
172.945102 	 -83.614987 
172.945102 	 -83.614987 
172.945102 	 -83.614987 
172.945102 	 -83.614987 
172.948622 	 -83.614640 
172.948622 	 -83.614640 
172.948622 	 -83.614640 
172.952128 	 -83.614302 
172.952128 	 -83.614302 
172.952128 	 -83.614302 
172.952128 	 -83.614302 
172.955627 	 -83.613962 
172.955627 	 -83.613962 
172.955627 	 -83.613962 
172.959115 	 -83.613623 
172.959115 	 -83.613623 
172.959115 	 -83.613623 
172.962595 	 -83.613287 
172.962595 	 -83.613287 
172.962595 	 -83.613287 
172.962595 	 -83.613287 
172.966062 	 -83.612950 
172.966062 	 -83.612950 
172.966062 	 -83.612950 
172.969525 	 -83.612613 
172.969525 	 -83.612613 
172.969525 	 -83.612613 
172.972988 	 -83.612278 
172.972988 	 -83.612278 
172.972988 	 -83.612278 
172.972988 	 -83.612278 
172.976460 	 -83.611943 
172.976460 	 -83.611943 
172.976460 	 -83.611943 
172.979933 	 -83.611608 
172.979933 	 -83.611608 
172.979933 	 -83.611608 
172.983410 	 -83.611273 
172.983410 	 -83.611273 
172.983410 	 -83.611273 
172.983410 	 -83.611273 
172.986890 	 -83.610938 
172.986890 	 -83.610938 
172.986890 	 -83.610938 
172.990355 	 -83.610612 
172.990355 	 -83.610612 
172.990355 	 -83.610612 
172.993857 	 -83.610272 
172.993857 	 -83.610272 
172.993857 	 -83.610272 
172.993857 	 -83.610272 
172.997352 	 -83.609940 
172.997352 	 -83.609940 
172.997352 	 -83.609940 
173.000862 	 -83.609605 
173.000862 	 -83.609605 
173.000862 	 -83.609605 
173.004387 	 -83.609270 
173.004387 	 -83.609270 
173.004387 	 -83.609270 
173.007928 	 -83.608933 
173.007928 	 -83.608933 
173.007928 	 -83.608933 
173.007928 	 -83.608933 
173.011483 	 -83.608597 
173.011483 	 -83.608597 
173.011483 	 -83.608597 
173.015053 	 -83.608258 
173.015053 	 -83.608258 
173.015053 	 -83.608258 
173.018612 	 -83.607920 
173.018612 	 -83.607920 
173.018612 	 -83.607920 
173.018612 	 -83.607920 
173.022190 	 -83.607580 
173.022190 	 -83.607580 
173.022190 	 -83.607580 
173.025762 	 -83.607240 
173.025762 	 -83.607240 
173.025762 	 -83.607240 
173.029337 	 -83.606902 
173.029337 	 -83.606902 
173.029337 	 -83.606902 
173.029337 	 -83.606902 
173.032900 	 -83.606567 
173.032900 	 -83.606567 
173.032900 	 -83.606567 
173.036467 	 -83.606228 
173.036467 	 -83.606228 
173.036467 	 -83.606228 
173.036467 	 -83.606228 
173.040027 	 -83.605892 
173.040027 	 -83.605892 
173.040027 	 -83.605892 
173.043575 	 -83.605555 
173.043575 	 -83.605555 
173.043575 	 -83.605555 
173.047115 	 -83.605217 
173.047115 	 -83.605217 
173.047115 	 -83.605217 
173.050653 	 -83.604877 
173.050653 	 -83.604877 
173.050653 	 -83.604877 
173.050653 	 -83.604877 
173.054185 	 -83.604537 
173.054185 	 -83.604537 
173.054185 	 -83.604537 
173.057722 	 -83.604197 
173.057722 	 -83.604197 
173.057722 	 -83.604197 
173.057722 	 -83.604197 
173.061253 	 -83.603857 
173.061253 	 -83.603857 
173.061253 	 -83.603857 
173.064772 	 -83.603518 
173.064772 	 -83.603518 
173.064772 	 -83.603518 
173.068285 	 -83.603180 
173.068285 	 -83.603180 
173.068285 	 -83.603180 
173.068285 	 -83.603180 
173.071803 	 -83.602840 
173.071803 	 -83.602840 
173.071803 	 -83.602840 
173.075322 	 -83.602500 
173.075322 	 -83.602500 
173.075322 	 -83.602500 
173.078837 	 -83.602162 
173.078837 	 -83.602162 
173.078837 	 -83.602162 
173.078837 	 -83.602162 
173.082335 	 -83.601823 
173.082335 	 -83.601823 
173.082335 	 -83.601823 
173.085843 	 -83.601488 
173.085843 	 -83.601488 
173.085843 	 -83.601488 
173.089357 	 -83.601152 
173.089357 	 -83.601152 
173.089357 	 -83.601152 
173.089357 	 -83.601152 
173.092868 	 -83.600815 
173.092868 	 -83.600815 
173.092868 	 -83.600815 
173.096380 	 -83.600478 
173.096380 	 -83.600478 
173.096380 	 -83.600478 
173.099887 	 -83.600142 
173.099887 	 -83.600142 
173.099887 	 -83.600142 
173.099887 	 -83.600142 
173.103388 	 -83.599805 
173.103388 	 -83.599805 
173.103388 	 -83.599805 
173.106887 	 -83.599468 
173.106887 	 -83.599468 
173.106887 	 -83.599468 
173.106887 	 -83.599468 
173.110382 	 -83.599133 
173.110382 	 -83.599133 
173.110382 	 -83.599133 
173.113883 	 -83.598797 
173.113883 	 -83.598797 
173.113883 	 -83.598797 
173.117387 	 -83.598460 
173.117387 	 -83.598460 
173.117387 	 -83.598460 
173.120890 	 -83.598125 
173.120890 	 -83.598125 
173.120890 	 -83.598125 
173.120890 	 -83.598125 
173.124413 	 -83.597793 
173.124413 	 -83.597793 
173.124413 	 -83.597793 
173.127935 	 -83.597463 
173.127935 	 -83.597463 
173.127935 	 -83.597463 
173.131477 	 -83.597128 
173.131477 	 -83.597128 
173.131477 	 -83.597128 
173.131477 	 -83.597128 
173.135020 	 -83.596797 
173.135020 	 -83.596797 
173.135020 	 -83.596797 
173.138560 	 -83.596465 
173.138560 	 -83.596465 
173.138560 	 -83.596465 
173.142100 	 -83.596133 
173.142100 	 -83.596133 
173.142100 	 -83.596133 
173.145608 	 -83.595798 
173.145608 	 -83.595798 
173.145608 	 -83.595798 
173.145608 	 -83.595798 
173.149025 	 -83.595452 
173.149025 	 -83.595452 
173.149025 	 -83.595452 
173.152275 	 -83.595088 
173.152275 	 -83.595088 
173.152275 	 -83.595088 
173.155280 	 -83.594698 
173.155280 	 -83.594698 
173.155280 	 -83.594698 
173.155280 	 -83.594698 
173.158008 	 -83.594282 
173.158008 	 -83.594282 
173.158008 	 -83.594282 
173.160487 	 -83.593848 
173.160487 	 -83.593848 
173.160487 	 -83.593848 
173.160487 	 -83.593848 
173.162713 	 -83.593402 
173.162713 	 -83.593402 
173.162713 	 -83.593402 
173.164672 	 -83.592937 
173.164672 	 -83.592937 
173.164672 	 -83.592937 
173.166360 	 -83.592460 
173.166360 	 -83.592460 
173.166360 	 -83.592460 
173.166360 	 -83.592460 
173.167782 	 -83.591972 
173.167782 	 -83.591972 
173.167782 	 -83.591972 
173.168935 	 -83.591475 
173.168935 	 -83.591475 
