Lon	 Lat
171.210298 	 -83.722813 
171.210298 	 -83.722813 
171.210298 	 -83.722813 
171.212075 	 -83.722293 
171.212075 	 -83.722293 
171.212075 	 -83.722293 
171.214143 	 -83.721785 
171.214143 	 -83.721785 
171.214143 	 -83.721785 
171.216507 	 -83.721293 
171.216507 	 -83.721293 
171.216507 	 -83.721293 
171.216507 	 -83.721293 
171.219150 	 -83.720818 
171.219150 	 -83.720818 
171.219150 	 -83.720818 
171.222052 	 -83.720363 
171.222052 	 -83.720363 
171.222052 	 -83.720363 
171.222052 	 -83.720363 
171.225195 	 -83.719927 
171.225195 	 -83.719927 
171.225195 	 -83.719927 
171.228578 	 -83.719513 
171.228578 	 -83.719513 
171.228578 	 -83.719513 
171.232170 	 -83.719120 
171.232170 	 -83.719120 
171.232170 	 -83.719120 
171.232170 	 -83.719120 
171.235985 	 -83.718760 
171.235985 	 -83.718760 
171.235985 	 -83.718760 
171.239982 	 -83.718423 
171.239982 	 -83.718423 
171.239982 	 -83.718423 
171.244108 	 -83.718107 
171.244108 	 -83.718107 
171.244108 	 -83.718107 
171.248272 	 -83.717795 
171.248272 	 -83.717795 
171.248272 	 -83.717795 
171.248272 	 -83.717795 
171.252502 	 -83.717498 
171.252502 	 -83.717498 
171.252502 	 -83.717498 
171.256727 	 -83.717198 
171.256727 	 -83.717198 
171.256727 	 -83.717198 
171.260947 	 -83.716895 
171.260947 	 -83.716895 
171.260947 	 -83.716895 
171.260947 	 -83.716895 
171.265138 	 -83.716585 
171.265138 	 -83.716585 
171.265138 	 -83.716585 
171.269300 	 -83.716268 
171.269300 	 -83.716268 
171.269300 	 -83.716268 
171.273432 	 -83.715945 
171.273432 	 -83.715945 
171.273432 	 -83.715945 
171.273432 	 -83.715945 
171.277543 	 -83.715617 
171.277543 	 -83.715617 
171.277543 	 -83.715617 
171.281628 	 -83.715283 
171.281628 	 -83.715283 
171.281628 	 -83.715283 
171.281628 	 -83.715283 
171.285648 	 -83.714943 
171.285648 	 -83.714943 
171.285648 	 -83.714943 
171.289590 	 -83.714592 
171.289590 	 -83.714592 
171.289590 	 -83.714592 
171.293473 	 -83.714235 
171.293473 	 -83.714235 
171.293473 	 -83.714235 
171.297308 	 -83.713870 
171.297308 	 -83.713870 
171.297308 	 -83.713870 
171.297308 	 -83.713870 
171.301075 	 -83.713500 
171.301075 	 -83.713500 
171.301075 	 -83.713500 
171.304788 	 -83.713130 
171.304788 	 -83.713130 
171.304788 	 -83.713130 
171.308505 	 -83.712757 
171.308505 	 -83.712757 
171.308505 	 -83.712757 
171.312235 	 -83.712385 
171.312235 	 -83.712385 
171.312235 	 -83.712385 
171.312235 	 -83.712385 
171.315977 	 -83.712015 
171.315977 	 -83.712015 
171.315977 	 -83.712015 
171.319750 	 -83.711647 
171.319750 	 -83.711647 
171.319750 	 -83.711647 
171.323570 	 -83.711287 
171.323570 	 -83.711287 
171.323570 	 -83.711287 
171.323570 	 -83.711287 
171.327445 	 -83.710935 
171.327445 	 -83.710935 
171.327445 	 -83.710935 
171.331373 	 -83.710592 
171.331373 	 -83.710592 
171.331373 	 -83.710592 
171.331373 	 -83.710592 
171.335330 	 -83.710257 
171.335330 	 -83.710257 
171.335330 	 -83.710257 
171.339300 	 -83.709925 
171.339300 	 -83.709925 
171.339300 	 -83.709925 
171.343272 	 -83.709597 
171.343272 	 -83.709597 
171.343272 	 -83.709597 
171.343272 	 -83.709597 
171.347247 	 -83.709270 
171.347247 	 -83.709270 
171.347247 	 -83.709270 
171.351237 	 -83.708940 
171.351237 	 -83.708940 
171.351237 	 -83.708940 
171.355248 	 -83.708613 
171.355248 	 -83.708613 
171.355248 	 -83.708613 
171.355248 	 -83.708613 
171.359278 	 -83.708287 
171.359278 	 -83.708287 
171.359278 	 -83.708287 
171.363313 	 -83.707960 
171.363313 	 -83.707960 
171.363313 	 -83.707960 
171.367332 	 -83.707630 
171.367332 	 -83.707630 
171.367332 	 -83.707630 
171.371330 	 -83.707298 
171.371330 	 -83.707298 
171.371330 	 -83.707298 
171.371330 	 -83.707298 
171.375298 	 -83.706963 
171.375298 	 -83.706963 
171.375298 	 -83.706963 
171.379247 	 -83.706627 
171.379247 	 -83.706627 
171.379247 	 -83.706627 
171.383178 	 -83.706288 
171.383178 	 -83.706288 
171.383178 	 -83.706288 
171.383178 	 -83.706288 
171.387100 	 -83.705950 
171.387100 	 -83.705950 
171.387100 	 -83.705950 
171.391012 	 -83.705613 
171.391012 	 -83.705613 
171.391012 	 -83.705613 
171.394920 	 -83.705277 
171.394920 	 -83.705277 
171.394920 	 -83.705277 
171.394920 	 -83.705277 
171.398817 	 -83.704942 
171.398817 	 -83.704942 
171.398817 	 -83.704942 
171.402710 	 -83.704607 
171.402710 	 -83.704607 
171.402710 	 -83.704607 
171.406577 	 -83.704270 
171.406577 	 -83.704270 
171.406577 	 -83.704270 
171.406577 	 -83.704270 
171.410413 	 -83.703930 
171.410413 	 -83.703930 
171.410413 	 -83.703930 
171.414223 	 -83.703588 
171.414223 	 -83.703588 
171.414223 	 -83.703588 
171.414223 	 -83.703588 
171.418015 	 -83.703245 
171.418015 	 -83.703245 
171.418015 	 -83.703245 
171.421795 	 -83.702900 
171.421795 	 -83.702900 
171.421795 	 -83.702900 
171.425568 	 -83.702555 
171.425568 	 -83.702555 
171.425568 	 -83.702555 
171.425568 	 -83.702555 
171.429318 	 -83.702210 
171.429318 	 -83.702210 
171.429318 	 -83.702210 
171.433047 	 -83.701865 
171.433047 	 -83.701865 
171.433047 	 -83.701865 
171.436760 	 -83.701522 
171.436760 	 -83.701522 
171.436760 	 -83.701522 
171.436760 	 -83.701522 
171.440445 	 -83.701183 
171.440445 	 -83.701183 
171.440445 	 -83.701183 
171.444100 	 -83.700847 
171.444100 	 -83.700847 
171.444100 	 -83.700847 
171.447735 	 -83.700517 
171.447735 	 -83.700517 
171.447735 	 -83.700517 
171.447735 	 -83.700517 
171.451355 	 -83.700193 
171.451355 	 -83.700193 
171.451355 	 -83.700193 
171.454968 	 -83.699872 
171.454968 	 -83.699872 
171.454968 	 -83.699872 
171.458568 	 -83.699552 
171.458568 	 -83.699552 
171.458568 	 -83.699552 
171.462167 	 -83.699232 
171.462167 	 -83.699232 
171.462167 	 -83.699232 
171.462167 	 -83.699232 
171.465770 	 -83.698913 
171.465770 	 -83.698913 
171.465770 	 -83.698913 
171.469377 	 -83.698597 
171.469377 	 -83.698597 
171.469377 	 -83.698597 
171.472985 	 -83.698280 
171.472985 	 -83.698280 
171.472985 	 -83.698280 
171.472985 	 -83.698280 
171.476603 	 -83.697965 
171.476603 	 -83.697965 
171.476603 	 -83.697965 
171.480223 	 -83.697652 
171.480223 	 -83.697652 
171.480223 	 -83.697652 
171.483842 	 -83.697338 
171.483842 	 -83.697338 
171.483842 	 -83.697338 
171.483842 	 -83.697338 
171.487458 	 -83.697025 
171.487458 	 -83.697025 
171.487458 	 -83.697025 
171.491067 	 -83.696712 
171.491067 	 -83.696712 
171.491067 	 -83.696712 
171.494665 	 -83.696398 
171.494665 	 -83.696398 
171.494665 	 -83.696398 
171.494665 	 -83.696398 
171.498265 	 -83.696087 
171.498265 	 -83.696087 
171.498265 	 -83.696087 
171.501865 	 -83.695777 
171.501865 	 -83.695777 
171.501865 	 -83.695777 
171.505468 	 -83.695468 
171.505468 	 -83.695468 
171.505468 	 -83.695468 
171.509072 	 -83.695162 
171.509072 	 -83.695162 
171.509072 	 -83.695162 
171.509072 	 -83.695162 
171.512673 	 -83.694857 
171.512673 	 -83.694857 
171.512673 	 -83.694857 
171.516270 	 -83.694550 
171.516270 	 -83.694550 
171.516270 	 -83.694550 
171.519867 	 -83.694245 
171.519867 	 -83.694245 
171.519867 	 -83.694245 
171.519867 	 -83.694245 
171.523465 	 -83.693940 
171.523465 	 -83.693940 
171.523465 	 -83.693940 
171.527057 	 -83.693633 
171.527057 	 -83.693633 
171.527057 	 -83.693633 
171.530650 	 -83.693327 
171.530650 	 -83.693327 
171.530650 	 -83.693327 
171.530650 	 -83.693327 
171.534237 	 -83.693017 
171.534237 	 -83.693017 
171.534237 	 -83.693017 
171.537823 	 -83.692708 
171.537823 	 -83.692708 
171.537823 	 -83.692708 
171.541410 	 -83.692398 
171.541410 	 -83.692398 
171.541410 	 -83.692398 
171.541410 	 -83.692398 
171.544992 	 -83.692085 
171.544992 	 -83.692085 
171.544992 	 -83.692085 
171.548582 	 -83.691775 
171.548582 	 -83.691775 
171.548582 	 -83.691775 
171.548582 	 -83.691775 
171.552178 	 -83.691463 
171.552178 	 -83.691463 
171.552178 	 -83.691463 
171.555768 	 -83.691152 
171.555768 	 -83.691152 
171.555768 	 -83.691152 
171.559350 	 -83.690838 
171.559350 	 -83.690838 
171.559350 	 -83.690838 
171.559350 	 -83.690838 
171.562923 	 -83.690525 
171.562923 	 -83.690525 
171.562923 	 -83.690525 
171.566498 	 -83.690210 
171.566498 	 -83.690210 
171.566498 	 -83.690210 
171.570072 	 -83.689895 
171.570072 	 -83.689895 
171.570072 	 -83.689895 
171.570072 	 -83.689895 
171.573647 	 -83.689580 
171.573647 	 -83.689580 
171.573647 	 -83.689580 
171.577228 	 -83.689267 
171.577228 	 -83.689267 
171.577228 	 -83.689267 
171.580820 	 -83.688958 
171.580820 	 -83.688958 
171.580820 	 -83.688958 
171.584427 	 -83.688652 
171.584427 	 -83.688652 
171.584427 	 -83.688652 
171.584427 	 -83.688652 
171.588037 	 -83.688345 
171.588037 	 -83.688345 
171.588037 	 -83.688345 
171.591648 	 -83.688042 
171.591648 	 -83.688042 
171.591648 	 -83.688042 
171.595278 	 -83.687740 
171.595278 	 -83.687740 
171.595278 	 -83.687740 
171.595278 	 -83.687740 
171.598918 	 -83.687442 
171.598918 	 -83.687442 
171.598918 	 -83.687442 
171.602572 	 -83.687143 
171.602572 	 -83.687143 
171.602572 	 -83.687143 
171.606240 	 -83.686848 
171.606240 	 -83.686848 
171.606240 	 -83.686848 
171.606240 	 -83.686848 
171.609910 	 -83.686553 
171.609910 	 -83.686553 
171.609910 	 -83.686553 
171.613563 	 -83.686255 
171.613563 	 -83.686255 
171.613563 	 -83.686255 
171.613563 	 -83.686255 
171.617187 	 -83.685952 
171.617187 	 -83.685952 
171.617187 	 -83.685952 
171.620783 	 -83.685643 
171.620783 	 -83.685643 
171.620783 	 -83.685643 
171.624333 	 -83.685328 
171.624333 	 -83.685328 
171.624333 	 -83.685328 
171.627840 	 -83.685007 
171.627840 	 -83.685007 
171.627840 	 -83.685007 
171.631310 	 -83.684680 
171.631310 	 -83.684680 
171.631310 	 -83.684680 
171.631310 	 -83.684680 
171.634745 	 -83.684352 
171.634745 	 -83.684352 
171.634745 	 -83.684352 
171.638152 	 -83.684020 
171.638152 	 -83.684020 
171.638152 	 -83.684020 
171.641548 	 -83.683692 
171.641548 	 -83.683692 
171.641548 	 -83.683692 
171.641548 	 -83.683692 
171.644942 	 -83.683367 
171.644942 	 -83.683367 
171.644942 	 -83.683367 
171.648340 	 -83.683045 
171.648340 	 -83.683045 
171.648340 	 -83.683045 
171.651740 	 -83.682725 
171.651740 	 -83.682725 
171.651740 	 -83.682725 
171.651740 	 -83.682725 
171.655138 	 -83.682408 
171.655138 	 -83.682408 
171.655138 	 -83.682408 
171.658538 	 -83.682090 
171.658538 	 -83.682090 
171.658538 	 -83.682090 
171.661940 	 -83.681777 
171.661940 	 -83.681777 
171.661940 	 -83.681777 
171.661940 	 -83.681777 
171.665345 	 -83.681462 
171.665345 	 -83.681462 
171.665345 	 -83.681462 
171.668742 	 -83.681148 
171.668742 	 -83.681148 
171.668742 	 -83.681148 
171.668742 	 -83.681148 
171.672137 	 -83.680835 
171.672137 	 -83.680835 
171.672137 	 -83.680835 
171.675530 	 -83.680523 
171.675530 	 -83.680523 
171.675530 	 -83.680523 
171.678930 	 -83.680213 
171.678930 	 -83.680213 
171.678930 	 -83.680213 
171.678930 	 -83.680213 
171.682335 	 -83.679903 
171.682335 	 -83.679903 
171.682335 	 -83.679903 
171.685747 	 -83.679593 
171.685747 	 -83.679593 
171.685747 	 -83.679593 
171.689172 	 -83.679283 
171.689172 	 -83.679283 
171.689172 	 -83.679283 
171.689172 	 -83.679283 
171.692615 	 -83.678975 
171.692615 	 -83.678975 
171.692615 	 -83.678975 
171.696075 	 -83.678668 
171.696075 	 -83.678668 
171.696075 	 -83.678668 
171.699553 	 -83.678360 
171.699553 	 -83.678360 
171.699553 	 -83.678360 
171.699553 	 -83.678360 
171.703058 	 -83.678053 
171.703058 	 -83.678053 
171.703058 	 -83.678053 
171.706587 	 -83.677747 
171.706587 	 -83.677747 
171.706587 	 -83.677747 
171.710132 	 -83.677440 
171.710132 	 -83.677440 
171.710132 	 -83.677440 
171.713683 	 -83.677135 
171.713683 	 -83.677135 
171.713683 	 -83.677135 
171.713683 	 -83.677135 
171.717245 	 -83.676830 
171.717245 	 -83.676830 
171.717245 	 -83.676830 
171.720818 	 -83.676523 
171.720818 	 -83.676523 
171.720818 	 -83.676523 
171.720818 	 -83.676523 
171.724408 	 -83.676217 
171.724408 	 -83.676217 
171.724408 	 -83.676217 
171.728013 	 -83.675907 
171.728013 	 -83.675907 
171.728013 	 -83.675907 
171.731627 	 -83.675595 
171.731627 	 -83.675595 
171.731627 	 -83.675595 
171.735243 	 -83.675282 
171.735243 	 -83.675282 
171.735243 	 -83.675282 
171.735243 	 -83.675282 
171.738858 	 -83.674967 
171.738858 	 -83.674967 
171.738858 	 -83.674967 
171.742478 	 -83.674650 
171.742478 	 -83.674650 
171.742478 	 -83.674650 
171.742478 	 -83.674650 
171.746103 	 -83.674333 
171.746103 	 -83.674333 
171.746103 	 -83.674333 
171.749732 	 -83.674018 
171.749732 	 -83.674018 
171.749732 	 -83.674018 
171.753358 	 -83.673700 
171.753358 	 -83.673700 
171.753358 	 -83.673700 
171.753358 	 -83.673700 
171.756967 	 -83.673378 
171.756967 	 -83.673378 
171.756967 	 -83.673378 
171.760548 	 -83.673053 
171.760548 	 -83.673053 
171.760548 	 -83.673053 
171.764113 	 -83.672723 
171.764113 	 -83.672723 
171.764113 	 -83.672723 
171.767675 	 -83.672393 
171.767675 	 -83.672393 
171.767675 	 -83.672393 
171.771250 	 -83.672065 
171.771250 	 -83.672065 
171.771250 	 -83.672065 
171.771250 	 -83.672065 
171.774827 	 -83.671735 
171.774827 	 -83.671735 
171.774827 	 -83.671735 
171.778403 	 -83.671407 
171.778403 	 -83.671407 
171.778403 	 -83.671407 
171.781990 	 -83.671080 
171.781990 	 -83.671080 
171.781990 	 -83.671080 
171.781990 	 -83.671080 
171.785580 	 -83.670753 
171.785580 	 -83.670753 
171.785580 	 -83.670753 
171.789165 	 -83.670427 
171.789165 	 -83.670427 
171.789165 	 -83.670427 
171.789165 	 -83.670427 
171.792743 	 -83.670103 
171.792743 	 -83.670103 
171.792743 	 -83.670103 
171.796330 	 -83.669780 
171.796330 	 -83.669780 
171.796330 	 -83.669780 
171.799910 	 -83.669458 
171.799910 	 -83.669458 
171.799910 	 -83.669458 
171.803478 	 -83.669137 
171.803478 	 -83.669137 
171.803478 	 -83.669137 
171.803478 	 -83.669137 
171.806978 	 -83.668818 
171.806978 	 -83.668818 
171.806978 	 -83.668818 
171.810430 	 -83.668505 
171.810430 	 -83.668505 
171.810430 	 -83.668505 
171.813845 	 -83.668192 
171.813845 	 -83.668192 
171.813845 	 -83.668192 
171.813845 	 -83.668192 
171.817225 	 -83.667883 
171.817225 	 -83.667883 
171.817225 	 -83.667883 
171.820610 	 -83.667580 
171.820610 	 -83.667580 
171.820610 	 -83.667580 
171.824007 	 -83.667278 
171.824007 	 -83.667278 
171.824007 	 -83.667278 
171.824007 	 -83.667278 
171.827420 	 -83.666980 
171.827420 	 -83.666980 
171.827420 	 -83.666980 
171.830848 	 -83.666682 
171.830848 	 -83.666682 
171.830848 	 -83.666682 
171.834297 	 -83.666382 
171.834297 	 -83.666382 
171.834297 	 -83.666382 
171.834297 	 -83.666382 
171.837772 	 -83.666080 
171.837772 	 -83.666080 
171.837772 	 -83.666080 
171.841260 	 -83.665780 
171.841260 	 -83.665780 
171.841260 	 -83.665780 
171.844730 	 -83.665473 
171.844730 	 -83.665473 
171.844730 	 -83.665473 
171.844730 	 -83.665473 
171.848150 	 -83.665163 
171.848150 	 -83.665163 
171.848150 	 -83.665163 
171.851528 	 -83.664847 
171.851528 	 -83.664847 
171.851528 	 -83.664847 
171.854900 	 -83.664530 
171.854900 	 -83.664530 
171.854900 	 -83.664530 
171.858285 	 -83.664213 
171.858285 	 -83.664213 
171.858285 	 -83.664213 
171.858285 	 -83.664213 
171.861678 	 -83.663898 
171.861678 	 -83.663898 
171.861678 	 -83.663898 
171.865072 	 -83.663582 
171.865072 	 -83.663582 
171.865072 	 -83.663582 
171.865072 	 -83.663582 
171.868458 	 -83.663265 
171.868458 	 -83.663265 
171.868458 	 -83.663265 
171.871847 	 -83.662947 
171.871847 	 -83.662947 
171.871847 	 -83.662947 
171.875230 	 -83.662625 
171.875230 	 -83.662625 
171.875230 	 -83.662625 
171.878618 	 -83.662302 
171.878618 	 -83.662302 
171.878618 	 -83.662302 
171.878618 	 -83.662302 
171.882018 	 -83.661973 
171.882018 	 -83.661973 
171.882018 	 -83.661973 
171.885452 	 -83.661647 
171.885452 	 -83.661647 
171.885452 	 -83.661647 
171.888947 	 -83.661318 
171.888947 	 -83.661318 
171.888947 	 -83.661318 
171.892473 	 -83.660990 
171.892473 	 -83.660990 
171.892473 	 -83.660990 
171.892473 	 -83.660990 
171.896015 	 -83.660658 
171.896015 	 -83.660658 
171.896015 	 -83.660658 
171.899548 	 -83.660328 
171.899548 	 -83.660328 
171.899548 	 -83.660328 
171.903072 	 -83.659998 
171.903072 	 -83.659998 
171.903072 	 -83.659998 
171.903072 	 -83.659998 
171.906567 	 -83.659672 
171.906567 	 -83.659672 
171.906567 	 -83.659672 
171.910040 	 -83.659347 
171.910040 	 -83.659347 
171.910040 	 -83.659347 
171.910040 	 -83.659347 
171.913487 	 -83.659022 
171.913487 	 -83.659022 
171.913487 	 -83.659022 
171.916922 	 -83.658698 
171.916922 	 -83.658698 
171.916922 	 -83.658698 
171.920365 	 -83.658378 
171.920365 	 -83.658378 
171.920365 	 -83.658378 
171.920365 	 -83.658378 
171.923793 	 -83.658062 
171.923793 	 -83.658062 
171.923793 	 -83.658062 
171.927195 	 -83.657745 
171.927195 	 -83.657745 
171.927195 	 -83.657745 
171.930577 	 -83.657430 
171.930577 	 -83.657430 
171.930577 	 -83.657430 
171.930577 	 -83.657430 
171.933945 	 -83.657115 
171.933945 	 -83.657115 
171.933945 	 -83.657115 
171.937310 	 -83.656803 
171.937310 	 -83.656803 
171.937310 	 -83.656803 
171.940658 	 -83.656493 
171.940658 	 -83.656493 
171.940658 	 -83.656493 
171.943988 	 -83.656182 
171.943988 	 -83.656182 
171.943988 	 -83.656182 
171.947297 	 -83.655870 
171.947297 	 -83.655870 
171.947297 	 -83.655870 
171.947297 	 -83.655870 
171.950578 	 -83.655557 
171.950578 	 -83.655557 
171.950578 	 -83.655557 
171.953853 	 -83.655242 
171.953853 	 -83.655242 
171.953853 	 -83.655242 
171.957137 	 -83.654928 
171.957137 	 -83.654928 
171.957137 	 -83.654928 
171.957137 	 -83.654928 
171.960425 	 -83.654618 
171.960425 	 -83.654618 
171.960425 	 -83.654618 
171.963715 	 -83.654308 
171.963715 	 -83.654308 
171.963715 	 -83.654308 
171.967005 	 -83.653998 
171.967005 	 -83.653998 
171.967005 	 -83.653998 
171.967005 	 -83.653998 
171.970283 	 -83.653688 
171.970283 	 -83.653688 
171.970283 	 -83.653688 
171.973560 	 -83.653378 
171.973560 	 -83.653378 
171.973560 	 -83.653378 
171.973560 	 -83.653378 
171.976862 	 -83.653067 
171.976862 	 -83.653067 
171.976862 	 -83.653067 
171.980192 	 -83.652763 
171.980192 	 -83.652763 
171.980192 	 -83.652763 
171.983542 	 -83.652462 
171.983542 	 -83.652462 
171.983542 	 -83.652462 
171.983542 	 -83.652462 
171.986913 	 -83.652162 
171.986913 	 -83.652162 
171.986913 	 -83.652162 
171.990298 	 -83.651863 
171.990298 	 -83.651863 
171.990298 	 -83.651863 
171.993698 	 -83.651563 
171.993698 	 -83.651563 
171.993698 	 -83.651563 
171.993698 	 -83.651563 
171.997113 	 -83.651263 
171.997113 	 -83.651263 
171.997113 	 -83.651263 
172.000535 	 -83.650965 
172.000535 	 -83.650965 
172.000535 	 -83.650965 
172.003963 	 -83.650667 
172.003963 	 -83.650667 
172.003963 	 -83.650667 
172.003963 	 -83.650667 
172.007387 	 -83.650367 
172.007387 	 -83.650367 
172.007387 	 -83.650367 
172.010815 	 -83.650063 
172.010815 	 -83.650063 
172.010815 	 -83.650063 
172.010815 	 -83.650063 
172.014240 	 -83.649757 
172.014240 	 -83.649757 
172.014240 	 -83.649757 
172.017670 	 -83.649448 
172.017670 	 -83.649448 
172.017670 	 -83.649448 
172.021093 	 -83.649138 
172.021093 	 -83.649138 
172.021093 	 -83.649138 
172.024512 	 -83.648827 
172.024512 	 -83.648827 
172.024512 	 -83.648827 
172.024512 	 -83.648827 
172.027918 	 -83.648518 
172.027918 	 -83.648518 
172.027918 	 -83.648518 
172.031335 	 -83.648205 
172.031335 	 -83.648205 
172.031335 	 -83.648205 
172.034715 	 -83.647890 
172.034715 	 -83.647890 
172.034715 	 -83.647890 
172.034715 	 -83.647890 
172.038080 	 -83.647573 
172.038080 	 -83.647573 
172.038080 	 -83.647573 
172.041437 	 -83.647257 
172.041437 	 -83.647257 
172.041437 	 -83.647257 
172.041437 	 -83.647257 
172.044787 	 -83.646940 
172.044787 	 -83.646940 
172.044787 	 -83.646940 
172.048148 	 -83.646623 
172.048148 	 -83.646623 
172.048148 	 -83.646623 
172.051513 	 -83.646303 
172.051513 	 -83.646303 
172.051513 	 -83.646303 
172.051513 	 -83.646303 
172.054880 	 -83.645982 
172.054880 	 -83.645982 
172.054880 	 -83.645982 
172.058245 	 -83.645657 
172.058245 	 -83.645657 
172.058245 	 -83.645657 
172.061610 	 -83.645332 
172.061610 	 -83.645332 
172.061610 	 -83.645332 
172.061610 	 -83.645332 
172.064983 	 -83.645008 
172.064983 	 -83.645008 
172.064983 	 -83.645008 
172.068360 	 -83.644685 
172.068360 	 -83.644685 
172.068360 	 -83.644685 
172.071752 	 -83.644363 
172.071752 	 -83.644363 
172.071752 	 -83.644363 
172.071752 	 -83.644363 
172.075153 	 -83.644043 
172.075153 	 -83.644043 
172.075153 	 -83.644043 
172.078562 	 -83.643725 
172.078562 	 -83.643725 
172.078562 	 -83.643725 
172.081973 	 -83.643408 
172.081973 	 -83.643408 
172.081973 	 -83.643408 
172.081973 	 -83.643408 
172.085385 	 -83.643092 
172.085385 	 -83.643092 
172.085385 	 -83.643092 
172.088797 	 -83.642775 
172.088797 	 -83.642775 
172.088797 	 -83.642775 
172.092222 	 -83.642458 
172.092222 	 -83.642458 
172.092222 	 -83.642458 
172.092222 	 -83.642458 
172.095638 	 -83.642145 
172.095638 	 -83.642145 
172.095638 	 -83.642145 
172.099063 	 -83.641835 
172.099063 	 -83.641835 
172.099063 	 -83.641835 
172.102480 	 -83.641525 
172.102480 	 -83.641525 
172.102480 	 -83.641525 
172.102480 	 -83.641525 
172.105862 	 -83.641217 
172.105862 	 -83.641217 
172.105862 	 -83.641217 
172.109235 	 -83.640905 
172.109235 	 -83.640905 
172.109235 	 -83.640905 
172.112595 	 -83.640593 
172.112595 	 -83.640593 
172.112595 	 -83.640593 
172.112595 	 -83.640593 
172.115940 	 -83.640278 
172.115940 	 -83.640278 
172.115940 	 -83.640278 
172.119275 	 -83.639962 
172.119275 	 -83.639962 
172.119275 	 -83.639962 
172.122600 	 -83.639642 
172.122600 	 -83.639642 
172.122600 	 -83.639642 
172.122600 	 -83.639642 
172.125922 	 -83.639320 
172.125922 	 -83.639320 
172.125922 	 -83.639320 
172.129240 	 -83.638998 
172.129240 	 -83.638998 
172.129240 	 -83.638998 
172.132548 	 -83.638675 
172.132548 	 -83.638675 
172.132548 	 -83.638675 
172.132548 	 -83.638675 
172.135845 	 -83.638350 
172.135845 	 -83.638350 
172.135845 	 -83.638350 
172.139132 	 -83.638023 
172.139132 	 -83.638023 
172.139132 	 -83.638023 
172.142425 	 -83.637697 
172.142425 	 -83.637697 
172.142425 	 -83.637697 
172.142425 	 -83.637697 
172.145730 	 -83.637370 
172.145730 	 -83.637370 
172.145730 	 -83.637370 
172.149038 	 -83.637045 
172.149038 	 -83.637045 
172.149038 	 -83.637045 
172.149038 	 -83.637045 
172.152337 	 -83.636720 
172.152337 	 -83.636720 
172.152337 	 -83.636720 
172.155630 	 -83.636392 
172.155630 	 -83.636392 
172.155630 	 -83.636392 
172.158915 	 -83.636063 
172.158915 	 -83.636063 
172.158915 	 -83.636063 
172.162213 	 -83.635737 
172.162213 	 -83.635737 
172.162213 	 -83.635737 
172.162213 	 -83.635737 
172.165517 	 -83.635408 
172.165517 	 -83.635408 
172.165517 	 -83.635408 
172.168818 	 -83.635082 
172.168818 	 -83.635082 
172.168818 	 -83.635082 
172.172133 	 -83.634755 
172.172133 	 -83.634755 
172.172133 	 -83.634755 
172.172133 	 -83.634755 
172.175470 	 -83.634435 
172.175470 	 -83.634435 
172.175470 	 -83.634435 
172.178833 	 -83.634118 
172.178833 	 -83.634118 
172.178833 	 -83.634118 
172.182220 	 -83.633807 
172.182220 	 -83.633807 
172.182220 	 -83.633807 
172.185633 	 -83.633498 
172.185633 	 -83.633498 
172.185633 	 -83.633498 
172.185633 	 -83.633498 
172.189062 	 -83.633195 
172.189062 	 -83.633195 
172.189062 	 -83.633195 
172.192513 	 -83.632895 
172.192513 	 -83.632895 
172.192513 	 -83.632895 
172.195985 	 -83.632597 
172.195985 	 -83.632597 
172.195985 	 -83.632597 
172.199468 	 -83.632298 
172.199468 	 -83.632298 
172.199468 	 -83.632298 
172.199468 	 -83.632298 
172.202953 	 -83.632000 
172.202953 	 -83.632000 
172.202953 	 -83.632000 
172.206440 	 -83.631698 
172.206440 	 -83.631698 
172.206440 	 -83.631698 
172.206440 	 -83.631698 
172.209918 	 -83.631395 
172.209918 	 -83.631395 
172.209918 	 -83.631395 
172.213390 	 -83.631090 
172.213390 	 -83.631090 
172.213390 	 -83.631090 
172.216853 	 -83.630782 
172.216853 	 -83.630782 
172.216853 	 -83.630782 
172.220305 	 -83.630470 
172.220305 	 -83.630470 
172.220305 	 -83.630470 
172.220305 	 -83.630470 
172.223743 	 -83.630155 
172.223743 	 -83.630155 
172.223743 	 -83.630155 
172.227180 	 -83.629840 
172.227180 	 -83.629840 
172.227180 	 -83.629840 
172.227180 	 -83.629840 
172.230612 	 -83.629522 
172.230612 	 -83.629522 
172.230612 	 -83.629522 
172.234033 	 -83.629200 
172.234033 	 -83.629200 
172.234033 	 -83.629200 
172.237450 	 -83.628877 
172.237450 	 -83.628877 
172.237450 	 -83.628877 
172.237450 	 -83.628877 
172.240873 	 -83.628550 
172.240873 	 -83.628550 
172.240873 	 -83.628550 
172.244302 	 -83.628227 
172.244302 	 -83.628227 
172.244302 	 -83.628227 
172.247735 	 -83.627900 
172.247735 	 -83.627900 
172.247735 	 -83.627900 
172.247735 	 -83.627900 
172.251170 	 -83.627575 
172.251170 	 -83.627575 
172.251170 	 -83.627575 
172.254600 	 -83.627247 
172.254600 	 -83.627247 
172.254600 	 -83.627247 
172.258027 	 -83.626918 
172.258027 	 -83.626918 
172.258027 	 -83.626918 
172.258027 	 -83.626918 
172.261462 	 -83.626590 
172.261462 	 -83.626590 
172.261462 	 -83.626590 
172.264897 	 -83.626262 
172.264897 	 -83.626262 
172.264897 	 -83.626262 
172.268328 	 -83.625932 
172.268328 	 -83.625932 
172.268328 	 -83.625932 
172.271757 	 -83.625600 
172.271757 	 -83.625600 
172.271757 	 -83.625600 
172.271757 	 -83.625600 
172.275197 	 -83.625268 
172.275197 	 -83.625268 
172.275197 	 -83.625268 
172.278653 	 -83.624940 
172.278653 	 -83.624940 
172.278653 	 -83.624940 
172.278653 	 -83.624940 
172.282122 	 -83.624613 
172.282122 	 -83.624613 
172.282122 	 -83.624613 
172.285612 	 -83.624287 
172.285612 	 -83.624287 
172.285612 	 -83.624287 
172.289108 	 -83.623958 
172.289108 	 -83.623958 
172.289108 	 -83.623958 
172.292600 	 -83.623628 
172.292600 	 -83.623628 
172.292600 	 -83.623628 
172.292600 	 -83.623628 
172.296083 	 -83.623295 
172.296083 	 -83.623295 
172.296083 	 -83.623295 
172.299575 	 -83.622960 
172.299575 	 -83.622960 
172.299575 	 -83.622960 
172.303075 	 -83.622627 
172.303075 	 -83.622627 
172.303075 	 -83.622627 
172.306603 	 -83.622293 
172.306603 	 -83.622293 
172.306603 	 -83.622293 
172.306603 	 -83.622293 
172.310142 	 -83.621963 
172.310142 	 -83.621963 
172.310142 	 -83.621963 
172.313700 	 -83.621637 
172.313700 	 -83.621637 
172.313700 	 -83.621637 
172.317278 	 -83.621315 
172.317278 	 -83.621315 
172.317278 	 -83.621315 
172.317278 	 -83.621315 
172.320863 	 -83.620998 
172.320863 	 -83.620998 
172.320863 	 -83.620998 
172.324448 	 -83.620683 
172.324448 	 -83.620683 
172.324448 	 -83.620683 
172.328027 	 -83.620370 
172.328027 	 -83.620370 
172.328027 	 -83.620370 
172.328027 	 -83.620370 
172.331588 	 -83.620055 
172.331588 	 -83.620055 
172.331588 	 -83.620055 
172.335133 	 -83.619740 
172.335133 	 -83.619740 
172.335133 	 -83.619740 
172.338670 	 -83.619425 
172.338670 	 -83.619425 
172.338670 	 -83.619425 
172.338670 	 -83.619425 
172.342198 	 -83.619110 
172.342198 	 -83.619110 
172.342198 	 -83.619110 
172.345728 	 -83.618797 
172.345728 	 -83.618797 
172.345728 	 -83.618797 
172.349258 	 -83.618487 
172.349258 	 -83.618487 
172.349258 	 -83.618487 
172.349258 	 -83.618487 
172.352793 	 -83.618178 
172.352793 	 -83.618178 
172.352793 	 -83.618178 
172.356318 	 -83.617872 
172.356318 	 -83.617872 
172.356318 	 -83.617872 
172.359837 	 -83.617563 
172.359837 	 -83.617563 
172.359837 	 -83.617563 
172.359837 	 -83.617563 
172.363345 	 -83.617257 
172.363345 	 -83.617257 
172.363345 	 -83.617257 
172.366845 	 -83.616950 
172.366845 	 -83.616950 
172.366845 	 -83.616950 
172.370343 	 -83.616645 
172.370343 	 -83.616645 
172.370343 	 -83.616645 
172.370343 	 -83.616645 
172.373837 	 -83.616340 
172.373837 	 -83.616340 
172.373837 	 -83.616340 
172.377343 	 -83.616037 
172.377343 	 -83.616037 
172.377343 	 -83.616037 
172.377343 	 -83.616037 
172.380858 	 -83.615737 
172.380858 	 -83.615737 
172.380858 	 -83.615737 
172.384390 	 -83.615435 
172.384390 	 -83.615435 
172.384390 	 -83.615435 
172.387937 	 -83.615138 
172.387937 	 -83.615138 
172.387937 	 -83.615138 
172.391497 	 -83.614842 
172.391497 	 -83.614842 
172.391497 	 -83.614842 
172.391497 	 -83.614842 
172.395073 	 -83.614547 
172.395073 	 -83.614547 
172.395073 	 -83.614547 
172.398658 	 -83.614252 
172.398658 	 -83.614252 
172.398658 	 -83.614252 
172.398658 	 -83.614252 
172.402228 	 -83.613953 
172.402228 	 -83.613953 
172.402228 	 -83.613953 
172.405772 	 -83.613648 
172.405772 	 -83.613648 
172.405772 	 -83.613648 
172.409285 	 -83.613340 
172.409285 	 -83.613340 
172.409285 	 -83.613340 
172.409285 	 -83.613340 
172.412772 	 -83.613025 
172.412772 	 -83.613025 
172.412772 	 -83.613025 
172.416225 	 -83.612705 
172.416225 	 -83.612705 
172.416225 	 -83.612705 
172.419652 	 -83.612380 
172.419652 	 -83.612380 
172.419652 	 -83.612380 
172.423058 	 -83.612053 
172.423058 	 -83.612053 
172.423058 	 -83.612053 
172.423058 	 -83.612053 
172.426455 	 -83.611727 
172.426455 	 -83.611727 
172.426455 	 -83.611727 
172.429828 	 -83.611397 
172.429828 	 -83.611397 
172.429828 	 -83.611397 
172.433187 	 -83.611067 
172.433187 	 -83.611067 
172.433187 	 -83.611067 
172.433187 	 -83.611067 
172.436535 	 -83.610735 
172.436535 	 -83.610735 
172.436535 	 -83.610735 
172.439882 	 -83.610403 
172.439882 	 -83.610403 
172.439882 	 -83.610403 
172.443227 	 -83.610072 
172.443227 	 -83.610072 
172.443227 	 -83.610072 
172.443227 	 -83.610072 
172.446585 	 -83.609743 
172.446585 	 -83.609743 
172.446585 	 -83.609743 
172.449947 	 -83.609415 
172.449947 	 -83.609415 
172.449947 	 -83.609415 
172.453325 	 -83.609088 
172.453325 	 -83.609088 
172.453325 	 -83.609088 
172.453325 	 -83.609088 
172.456708 	 -83.608763 
172.456708 	 -83.608763 
172.456708 	 -83.608763 
172.460103 	 -83.608440 
172.460103 	 -83.608440 
172.460103 	 -83.608440 
172.460103 	 -83.608440 
172.463502 	 -83.608117 
172.463502 	 -83.608117 
172.463502 	 -83.608117 
172.466903 	 -83.607792 
172.466903 	 -83.607792 
172.466903 	 -83.607792 
172.470303 	 -83.607470 
172.470303 	 -83.607470 
172.470303 	 -83.607470 
172.473710 	 -83.607145 
172.473710 	 -83.607145 
172.473710 	 -83.607145 
172.473710 	 -83.607145 
172.477118 	 -83.606823 
172.477118 	 -83.606823 
172.477118 	 -83.606823 
172.480530 	 -83.606502 
172.480530 	 -83.606502 
172.480530 	 -83.606502 
172.483928 	 -83.606178 
172.483928 	 -83.606178 
172.483928 	 -83.606178 
172.483928 	 -83.606178 
172.487327 	 -83.605857 
172.487327 	 -83.605857 
172.487327 	 -83.605857 
172.490705 	 -83.605533 
172.490705 	 -83.605533 
172.490705 	 -83.605533 
172.494092 	 -83.605212 
172.494092 	 -83.605212 
172.494092 	 -83.605212 
172.497472 	 -83.604890 
172.497472 	 -83.604890 
172.497472 	 -83.604890 
172.497472 	 -83.604890 
172.500855 	 -83.604568 
172.500855 	 -83.604568 
172.500855 	 -83.604568 
172.504235 	 -83.604245 
172.504235 	 -83.604245 
172.504235 	 -83.604245 
172.507607 	 -83.603922 
172.507607 	 -83.603922 
172.507607 	 -83.603922 
172.507607 	 -83.603922 
172.510977 	 -83.603597 
172.510977 	 -83.603597 
172.510977 	 -83.603597 
172.514345 	 -83.603270 
172.514345 	 -83.603270 
172.514345 	 -83.603270 
172.517710 	 -83.602943 
172.517710 	 -83.602943 
172.517710 	 -83.602943 
172.521072 	 -83.602615 
172.521072 	 -83.602615 
172.521072 	 -83.602615 
172.521072 	 -83.602615 
172.524423 	 -83.602283 
172.524423 	 -83.602283 
172.524423 	 -83.602283 
172.527770 	 -83.601952 
172.527770 	 -83.601952 
172.527770 	 -83.601952 
172.531112 	 -83.601618 
172.531112 	 -83.601618 
172.531112 	 -83.601618 
172.531112 	 -83.601618 
172.534470 	 -83.601287 
172.534470 	 -83.601287 
172.534470 	 -83.601287 
172.537847 	 -83.600957 
172.537847 	 -83.600957 
172.537847 	 -83.600957 
172.537847 	 -83.600957 
172.541243 	 -83.600632 
172.541243 	 -83.600632 
172.541243 	 -83.600632 
172.544650 	 -83.600307 
172.544650 	 -83.600307 
172.544650 	 -83.600307 
172.548063 	 -83.599982 
172.548063 	 -83.599982 
172.548063 	 -83.599982 
172.548063 	 -83.599982 
172.551482 	 -83.599658 
172.551482 	 -83.599658 
172.551482 	 -83.599658 
172.554905 	 -83.599337 
172.554905 	 -83.599337 
172.554905 	 -83.599337 
172.558332 	 -83.599013 
172.558332 	 -83.599013 
172.558332 	 -83.599013 
172.558332 	 -83.599013 
172.561757 	 -83.598690 
172.561757 	 -83.598690 
172.561757 	 -83.598690 
172.565183 	 -83.598367 
172.565183 	 -83.598367 
172.565183 	 -83.598367 
172.568598 	 -83.598040 
172.568598 	 -83.598040 
172.568598 	 -83.598040 
172.568598 	 -83.598040 
172.572002 	 -83.597712 
172.572002 	 -83.597712 
172.572002 	 -83.597712 
172.575393 	 -83.597380 
172.575393 	 -83.597380 
172.575393 	 -83.597380 
172.578782 	 -83.597048 
172.578782 	 -83.597048 
172.578782 	 -83.597048 
172.582162 	 -83.596715 
172.582162 	 -83.596715 
172.582162 	 -83.596715 
172.582162 	 -83.596715 
172.585538 	 -83.596382 
172.585538 	 -83.596382 
172.585538 	 -83.596382 
172.588907 	 -83.596048 
172.588907 	 -83.596048 
172.588907 	 -83.596048 
172.588907 	 -83.596048 
172.592265 	 -83.595715 
172.592265 	 -83.595715 
172.592265 	 -83.595715 
172.595625 	 -83.595380 
172.595625 	 -83.595380 
172.595625 	 -83.595380 
172.598988 	 -83.595045 
172.598988 	 -83.595045 
172.598988 	 -83.595045 
172.598988 	 -83.595045 
172.602352 	 -83.594708 
172.602352 	 -83.594708 
172.602352 	 -83.594708 
172.605717 	 -83.594373 
172.605717 	 -83.594373 
172.605717 	 -83.594373 
172.609097 	 -83.594037 
172.609097 	 -83.594037 
172.609097 	 -83.594037 
172.609097 	 -83.594037 
172.612497 	 -83.593703 
172.612497 	 -83.593703 
172.612497 	 -83.593703 
172.615910 	 -83.593370 
172.615910 	 -83.593370 
172.615910 	 -83.593370 
172.619342 	 -83.593038 
172.619342 	 -83.593038 
172.619342 	 -83.593038 
172.619342 	 -83.593038 
172.622785 	 -83.592705 
172.622785 	 -83.592705 
172.622785 	 -83.592705 
172.626252 	 -83.592373 
172.626252 	 -83.592373 
172.626252 	 -83.592373 
172.629760 	 -83.592045 
172.629760 	 -83.592045 
172.629760 	 -83.592045 
172.629760 	 -83.592045 
172.633308 	 -83.591720 
172.633308 	 -83.591720 
172.633308 	 -83.591720 
172.636893 	 -83.591400 
172.636893 	 -83.591400 
172.636893 	 -83.591400 
172.636893 	 -83.591400 
172.640493 	 -83.591078 
172.640493 	 -83.591078 
172.640493 	 -83.591078 
172.644098 	 -83.590760 
172.644098 	 -83.590760 
172.644098 	 -83.590760 
172.647700 	 -83.590438 
172.647700 	 -83.590438 
172.647700 	 -83.590438 
172.647700 	 -83.590438 
172.651300 	 -83.590118 
172.651300 	 -83.590118 
172.651300 	 -83.590118 
172.654890 	 -83.589798 
172.654890 	 -83.589798 
172.654890 	 -83.589798 
172.658477 	 -83.589478 
172.658477 	 -83.589478 
172.658477 	 -83.589478 
172.662052 	 -83.589163 
172.662052 	 -83.589163 
172.662052 	 -83.589163 
172.662052 	 -83.589163 
172.665627 	 -83.588847 
172.665627 	 -83.588847 
172.665627 	 -83.588847 
172.669195 	 -83.588530 
172.669195 	 -83.588530 
172.669195 	 -83.588530 
172.672742 	 -83.588212 
172.672742 	 -83.588212 
172.672742 	 -83.588212 
172.676273 	 -83.587893 
172.676273 	 -83.587893 
172.676273 	 -83.587893 
172.676273 	 -83.587893 
172.679797 	 -83.587577 
172.679797 	 -83.587577 
172.679797 	 -83.587577 
172.683322 	 -83.587260 
172.683322 	 -83.587260 
172.683322 	 -83.587260 
172.686842 	 -83.586942 
172.686842 	 -83.586942 
172.686842 	 -83.586942 
172.686842 	 -83.586942 
172.690357 	 -83.586623 
172.690357 	 -83.586623 
172.690357 	 -83.586623 
172.693860 	 -83.586307 
172.693860 	 -83.586307 
172.693860 	 -83.586307 
172.697365 	 -83.585987 
172.697365 	 -83.585987 
172.697365 	 -83.585987 
172.697365 	 -83.585987 
172.700863 	 -83.585668 
172.700863 	 -83.585668 
172.700863 	 -83.585668 
172.704358 	 -83.585347 
172.704358 	 -83.585347 
172.704358 	 -83.585347 
172.704358 	 -83.585347 
172.707852 	 -83.585027 
172.707852 	 -83.585027 
172.707852 	 -83.585027 
172.711348 	 -83.584703 
172.711348 	 -83.584703 
172.711348 	 -83.584703 
172.714845 	 -83.584380 
172.714845 	 -83.584380 
172.714845 	 -83.584380 
172.714845 	 -83.584380 
172.718340 	 -83.584055 
172.718340 	 -83.584055 
172.718340 	 -83.584055 
172.721840 	 -83.583728 
172.721840 	 -83.583728 
172.721840 	 -83.583728 
172.725332 	 -83.583402 
172.725332 	 -83.583402 
172.725332 	 -83.583402 
172.725332 	 -83.583402 
172.728823 	 -83.583073 
172.728823 	 -83.583073 
172.728823 	 -83.583073 
172.732322 	 -83.582747 
172.732322 	 -83.582747 
172.732322 	 -83.582747 
172.735818 	 -83.582420 
172.735818 	 -83.582420 
172.735818 	 -83.582420 
172.739312 	 -83.582093 
172.739312 	 -83.582093 
172.739312 	 -83.582093 
172.742802 	 -83.581768 
172.742802 	 -83.581768 
172.742802 	 -83.581768 
172.742802 	 -83.581768 
172.746285 	 -83.581445 
172.746285 	 -83.581445 
172.746285 	 -83.581445 
172.749757 	 -83.581123 
172.749757 	 -83.581123 
172.749757 	 -83.581123 
172.753228 	 -83.580803 
172.753228 	 -83.580803 
172.753228 	 -83.580803 
172.753228 	 -83.580803 
172.756695 	 -83.580482 
172.756695 	 -83.580482 
172.756695 	 -83.580482 
172.760168 	 -83.580163 
172.760168 	 -83.580163 
172.760168 	 -83.580163 
172.760168 	 -83.580163 
172.763648 	 -83.579843 
172.763648 	 -83.579843 
172.763648 	 -83.579843 
172.767137 	 -83.579527 
172.767137 	 -83.579527 
172.767137 	 -83.579527 
172.770628 	 -83.579210 
172.770628 	 -83.579210 
172.770628 	 -83.579210 
172.774132 	 -83.578893 
172.774132 	 -83.578893 
172.774132 	 -83.578893 
172.774132 	 -83.578893 
172.777635 	 -83.578578 
172.777635 	 -83.578578 
172.777635 	 -83.578578 
172.781145 	 -83.578263 
172.781145 	 -83.578263 
172.781145 	 -83.578263 
172.784665 	 -83.577948 
172.784665 	 -83.577948 
172.784665 	 -83.577948 
172.784665 	 -83.577948 
172.788188 	 -83.577635 
172.788188 	 -83.577635 
172.788188 	 -83.577635 
172.791725 	 -83.577323 
172.791725 	 -83.577323 
172.791725 	 -83.577323 
172.795275 	 -83.577013 
172.795275 	 -83.577013 
172.795275 	 -83.577013 
172.795275 	 -83.577013 
172.798838 	 -83.576703 
172.798838 	 -83.576703 
172.798838 	 -83.576703 
172.802418 	 -83.576393 
172.802418 	 -83.576393 
172.802418 	 -83.576393 
172.806008 	 -83.576087 
172.806008 	 -83.576087 
172.806008 	 -83.576087 
172.806008 	 -83.576087 
172.809620 	 -83.575780 
172.809620 	 -83.575780 
172.809620 	 -83.575780 
172.813242 	 -83.575477 
172.813242 	 -83.575477 
172.813242 	 -83.575477 
172.816877 	 -83.575175 
172.816877 	 -83.575175 
172.816877 	 -83.575175 
172.820518 	 -83.574875 
172.820518 	 -83.574875 
172.820518 	 -83.574875 
172.820518 	 -83.574875 
172.824167 	 -83.574577 
172.824167 	 -83.574577 
172.824167 	 -83.574577 
172.827823 	 -83.574282 
172.827823 	 -83.574282 
172.827823 	 -83.574282 
172.831480 	 -83.573985 
172.831480 	 -83.573985 
172.831480 	 -83.573985 
172.831480 	 -83.573985 
172.835115 	 -83.573687 
172.835115 	 -83.573687 
172.835115 	 -83.573687 
172.838718 	 -83.573383 
172.838718 	 -83.573383 
172.838718 	 -83.573383 
172.842288 	 -83.573077 
172.842288 	 -83.573077 
172.842288 	 -83.573077 
172.842288 	 -83.573077 
172.845828 	 -83.572767 
172.845828 	 -83.572767 
172.845828 	 -83.572767 
172.849340 	 -83.572453 
172.849340 	 -83.572453 
172.849340 	 -83.572453 
172.852838 	 -83.572140 
172.852838 	 -83.572140 
172.852838 	 -83.572140 
172.852838 	 -83.572140 
172.856327 	 -83.571828 
172.856327 	 -83.571828 
172.856327 	 -83.571828 
172.859807 	 -83.571513 
172.859807 	 -83.571513 
172.859807 	 -83.571513 
172.863282 	 -83.571202 
172.863282 	 -83.571202 
172.863282 	 -83.571202 
172.863282 	 -83.571202 
172.866757 	 -83.570892 
172.866757 	 -83.570892 
172.866757 	 -83.570892 
172.870237 	 -83.570582 
172.870237 	 -83.570582 
172.870237 	 -83.570582 
172.873715 	 -83.570275 
172.873715 	 -83.570275 
172.873715 	 -83.570275 
172.873715 	 -83.570275 
172.877202 	 -83.569968 
172.877202 	 -83.569968 
172.877202 	 -83.569968 
172.880682 	 -83.569662 
172.880682 	 -83.569662 
172.880682 	 -83.569662 
172.884163 	 -83.569353 
172.884163 	 -83.569353 
172.884163 	 -83.569353 
172.884163 	 -83.569353 
172.887652 	 -83.569043 
172.887652 	 -83.569043 
172.887652 	 -83.569043 
172.891122 	 -83.568733 
172.891122 	 -83.568733 
