Lon	 Lat
170.795217 	 -83.633970 
170.795217 	 -83.633970 
170.799037 	 -83.634298 
170.799037 	 -83.634298 
170.799037 	 -83.634298 
170.802815 	 -83.634635 
170.802815 	 -83.634635 
170.802815 	 -83.634635 
170.806555 	 -83.634982 
170.806555 	 -83.634982 
170.806555 	 -83.634982 
170.806555 	 -83.634982 
170.810285 	 -83.635332 
170.810285 	 -83.635332 
170.810285 	 -83.635332 
170.814030 	 -83.635687 
170.814030 	 -83.635687 
170.814030 	 -83.635687 
170.814030 	 -83.635687 
170.817812 	 -83.636042 
170.817812 	 -83.636042 
170.817812 	 -83.636042 
170.821638 	 -83.636395 
170.821638 	 -83.636395 
170.821638 	 -83.636395 
170.825507 	 -83.636747 
170.825507 	 -83.636747 
170.825507 	 -83.636747 
170.825507 	 -83.636747 
170.829417 	 -83.637098 
170.829417 	 -83.637098 
170.829417 	 -83.637098 
170.833348 	 -83.637445 
170.833348 	 -83.637445 
170.833348 	 -83.637445 
170.837285 	 -83.637790 
170.837285 	 -83.637790 
170.837285 	 -83.637790 
170.837285 	 -83.637790 
170.841230 	 -83.638130 
170.841230 	 -83.638130 
170.841230 	 -83.638130 
170.845162 	 -83.638468 
170.845162 	 -83.638468 
170.845162 	 -83.638468 
170.849095 	 -83.638802 
170.849095 	 -83.638802 
170.849095 	 -83.638802 
170.849095 	 -83.638802 
170.853022 	 -83.639137 
170.853022 	 -83.639137 
170.853022 	 -83.639137 
170.856965 	 -83.639467 
170.856965 	 -83.639467 
170.856965 	 -83.639467 
170.860947 	 -83.639792 
170.860947 	 -83.639792 
170.860947 	 -83.639792 
170.860947 	 -83.639792 
170.864983 	 -83.640110 
170.864983 	 -83.640110 
170.864983 	 -83.640110 
170.869083 	 -83.640418 
170.869083 	 -83.640418 
170.869083 	 -83.640418 
170.873250 	 -83.640718 
170.873250 	 -83.640718 
170.873250 	 -83.640718 
170.873250 	 -83.640718 
170.877485 	 -83.641007 
170.877485 	 -83.641007 
170.877485 	 -83.641007 
170.881788 	 -83.641283 
170.881788 	 -83.641283 
170.881788 	 -83.641283 
170.886152 	 -83.641548 
170.886152 	 -83.641548 
170.886152 	 -83.641548 
170.886152 	 -83.641548 
170.890585 	 -83.641800 
170.890585 	 -83.641800 
170.890585 	 -83.641800 
170.895092 	 -83.642038 
170.895092 	 -83.642038 
170.895092 	 -83.642038 
170.899655 	 -83.642265 
170.899655 	 -83.642265 
170.899655 	 -83.642265 
170.899655 	 -83.642265 
170.904275 	 -83.642480 
170.904275 	 -83.642480 
170.904275 	 -83.642480 
170.908950 	 -83.642682 
170.908950 	 -83.642682 
170.908950 	 -83.642682 
170.908950 	 -83.642682 
170.913668 	 -83.642875 
170.913668 	 -83.642875 
170.913668 	 -83.642875 
170.918420 	 -83.643057 
170.918420 	 -83.643057 
170.918420 	 -83.643057 
170.923208 	 -83.643227 
170.923208 	 -83.643227 
170.923208 	 -83.643227 
170.923208 	 -83.643227 
170.928022 	 -83.643390 
170.928022 	 -83.643390 
170.928022 	 -83.643390 
170.932860 	 -83.643547 
170.932860 	 -83.643547 
170.932860 	 -83.643547 
170.937722 	 -83.643693 
170.937722 	 -83.643693 
170.937722 	 -83.643693 
170.937722 	 -83.643693 
170.942607 	 -83.643833 
170.942607 	 -83.643833 
170.942607 	 -83.643833 
170.947508 	 -83.643963 
170.947508 	 -83.643963 
170.947508 	 -83.643963 
170.952435 	 -83.644085 
170.952435 	 -83.644085 
170.952435 	 -83.644085 
170.952435 	 -83.644085 
170.957377 	 -83.644193 
170.957377 	 -83.644193 
170.957377 	 -83.644193 
170.962332 	 -83.644295 
170.962332 	 -83.644295 
170.962332 	 -83.644295 
170.962332 	 -83.644295 
170.967298 	 -83.644390 
170.967298 	 -83.644390 
170.967298 	 -83.644390 
170.972263 	 -83.644482 
170.972263 	 -83.644482 
170.972263 	 -83.644482 
170.977232 	 -83.644572 
170.977232 	 -83.644572 
170.977232 	 -83.644572 
170.982197 	 -83.644660 
170.982197 	 -83.644660 
170.982197 	 -83.644660 
170.982197 	 -83.644660 
170.987163 	 -83.644750 
170.987163 	 -83.644750 
170.987163 	 -83.644750 
170.992133 	 -83.644838 
170.992133 	 -83.644838 
170.992133 	 -83.644838 
170.997105 	 -83.644930 
170.997105 	 -83.644930 
170.997105 	 -83.644930 
170.997105 	 -83.644930 
171.002077 	 -83.645020 
171.002077 	 -83.645020 
171.002077 	 -83.645020 
171.007042 	 -83.645115 
171.007042 	 -83.645115 
171.007042 	 -83.645115 
171.011998 	 -83.645212 
171.011998 	 -83.645212 
171.011998 	 -83.645212 
171.011998 	 -83.645212 
171.016950 	 -83.645308 
171.016950 	 -83.645308 
171.016950 	 -83.645308 
171.021907 	 -83.645405 
171.021907 	 -83.645405 
171.021907 	 -83.645405 
171.026870 	 -83.645503 
171.026870 	 -83.645503 
171.026870 	 -83.645503 
171.026870 	 -83.645503 
171.031840 	 -83.645600 
171.031840 	 -83.645600 
171.031840 	 -83.645600 
171.036810 	 -83.645693 
171.036810 	 -83.645693 
171.036810 	 -83.645693 
171.036810 	 -83.645693 
171.041803 	 -83.645787 
171.041803 	 -83.645787 
171.041803 	 -83.645787 
171.046810 	 -83.645877 
171.046810 	 -83.645877 
171.046810 	 -83.645877 
171.051827 	 -83.645965 
171.051827 	 -83.645965 
171.051827 	 -83.645965 
171.051827 	 -83.645965 
171.056855 	 -83.646053 
171.056855 	 -83.646053 
171.056855 	 -83.646053 
171.061882 	 -83.646143 
171.061882 	 -83.646143 
171.061882 	 -83.646143 
171.066920 	 -83.646233 
171.066920 	 -83.646233 
171.066920 	 -83.646233 
171.066920 	 -83.646233 
171.071948 	 -83.646325 
171.071948 	 -83.646325 
171.071948 	 -83.646325 
171.076977 	 -83.646417 
171.076977 	 -83.646417 
171.076977 	 -83.646417 
171.082005 	 -83.646510 
171.082005 	 -83.646510 
171.082005 	 -83.646510 
171.087032 	 -83.646603 
171.087032 	 -83.646603 
171.087032 	 -83.646603 
171.087032 	 -83.646603 
171.092055 	 -83.646700 
171.092055 	 -83.646700 
171.092055 	 -83.646700 
171.097073 	 -83.646797 
171.097073 	 -83.646797 
171.097073 	 -83.646797 
171.097073 	 -83.646797 
171.102082 	 -83.646895 
171.102082 	 -83.646895 
171.102082 	 -83.646895 
171.107088 	 -83.646995 
171.107088 	 -83.646995 
171.107088 	 -83.646995 
171.112092 	 -83.647093 
171.112092 	 -83.647093 
171.112092 	 -83.647093 
171.112092 	 -83.647093 
171.117090 	 -83.647193 
171.117090 	 -83.647193 
171.117090 	 -83.647193 
171.122082 	 -83.647292 
171.122082 	 -83.647292 
171.122082 	 -83.647292 
171.127078 	 -83.647390 
171.127078 	 -83.647390 
171.127078 	 -83.647390 
171.127078 	 -83.647390 
171.132072 	 -83.647487 
171.132072 	 -83.647487 
171.132072 	 -83.647487 
171.137065 	 -83.647583 
171.137065 	 -83.647583 
171.137065 	 -83.647583 
171.137065 	 -83.647583 
171.142060 	 -83.647678 
171.142060 	 -83.647678 
171.142060 	 -83.647678 
171.147068 	 -83.647772 
171.147068 	 -83.647772 
171.147068 	 -83.647772 
171.152075 	 -83.647867 
171.152075 	 -83.647867 
171.152075 	 -83.647867 
171.157083 	 -83.647958 
171.157083 	 -83.647958 
171.157083 	 -83.647958 
171.157083 	 -83.647958 
171.162093 	 -83.648050 
171.162093 	 -83.648050 
171.162093 	 -83.648050 
171.167102 	 -83.648142 
171.167102 	 -83.648142 
171.167102 	 -83.648142 
171.172112 	 -83.648230 
171.172112 	 -83.648230 
171.172112 	 -83.648230 
171.172112 	 -83.648230 
171.177112 	 -83.648318 
171.177112 	 -83.648318 
171.177112 	 -83.648318 
171.182110 	 -83.648407 
171.182110 	 -83.648407 
171.182110 	 -83.648407 
171.187100 	 -83.648492 
171.187100 	 -83.648492 
171.187100 	 -83.648492 
171.187100 	 -83.648492 
171.192080 	 -83.648577 
171.192080 	 -83.648577 
171.192080 	 -83.648577 
171.197052 	 -83.648662 
171.197052 	 -83.648662 
171.197052 	 -83.648662 
171.202013 	 -83.648743 
171.202013 	 -83.648743 
171.202013 	 -83.648743 
171.202013 	 -83.648743 
171.206970 	 -83.648825 
171.206970 	 -83.648825 
171.206970 	 -83.648825 
171.211918 	 -83.648907 
171.211918 	 -83.648907 
171.211918 	 -83.648907 
171.216858 	 -83.648987 
171.216858 	 -83.648987 
171.216858 	 -83.648987 
171.221793 	 -83.649067 
171.221793 	 -83.649067 
171.221793 	 -83.649067 
171.221793 	 -83.649067 
171.226720 	 -83.649147 
171.226720 	 -83.649147 
171.226720 	 -83.649147 
171.231642 	 -83.649227 
171.231642 	 -83.649227 
171.231642 	 -83.649227 
171.231642 	 -83.649227 
171.236558 	 -83.649308 
171.236558 	 -83.649308 
171.236558 	 -83.649308 
171.241470 	 -83.649390 
171.241470 	 -83.649390 
171.241470 	 -83.649390 
171.246382 	 -83.649475 
171.246382 	 -83.649475 
171.246382 	 -83.649475 
171.251290 	 -83.649562 
171.251290 	 -83.649562 
171.251290 	 -83.649562 
171.251290 	 -83.649562 
171.256200 	 -83.649650 
171.256200 	 -83.649650 
171.256200 	 -83.649650 
171.261118 	 -83.649740 
171.261118 	 -83.649740 
171.261118 	 -83.649740 
171.266037 	 -83.649832 
171.266037 	 -83.649832 
171.266037 	 -83.649832 
171.266037 	 -83.649832 
171.270950 	 -83.649928 
171.270950 	 -83.649928 
171.270950 	 -83.649928 
171.275867 	 -83.650027 
171.275867 	 -83.650027 
171.275867 	 -83.650027 
171.280775 	 -83.650128 
171.280775 	 -83.650128 
171.280775 	 -83.650128 
171.280775 	 -83.650128 
171.285683 	 -83.650230 
171.285683 	 -83.650230 
171.285683 	 -83.650230 
171.290590 	 -83.650332 
171.290590 	 -83.650332 
171.290590 	 -83.650332 
171.295493 	 -83.650433 
171.295493 	 -83.650433 
171.295493 	 -83.650433 
171.295493 	 -83.650433 
171.300395 	 -83.650533 
171.300395 	 -83.650533 
171.300395 	 -83.650533 
171.305297 	 -83.650632 
171.305297 	 -83.650632 
171.305297 	 -83.650632 
171.310193 	 -83.650728 
171.310193 	 -83.650728 
171.310193 	 -83.650728 
171.310193 	 -83.650728 
171.315083 	 -83.650823 
171.315083 	 -83.650823 
171.315083 	 -83.650823 
171.319972 	 -83.650915 
171.319972 	 -83.650915 
171.319972 	 -83.650915 
171.324853 	 -83.651007 
171.324853 	 -83.651007 
171.324853 	 -83.651007 
171.324853 	 -83.651007 
171.329723 	 -83.651097 
171.329723 	 -83.651097 
171.329723 	 -83.651097 
171.334585 	 -83.651185 
171.334585 	 -83.651185 
171.334585 	 -83.651185 
171.334585 	 -83.651185 
171.339432 	 -83.651272 
171.339432 	 -83.651272 
171.339432 	 -83.651272 
171.344270 	 -83.651355 
171.344270 	 -83.651355 
171.344270 	 -83.651355 
171.349108 	 -83.651435 
171.349108 	 -83.651435 
171.349108 	 -83.651435 
171.349108 	 -83.651435 
171.353935 	 -83.651513 
171.353935 	 -83.651513 
171.353935 	 -83.651513 
171.358758 	 -83.651590 
171.358758 	 -83.651590 
171.358758 	 -83.651590 
171.363580 	 -83.651668 
171.363580 	 -83.651668 
171.363580 	 -83.651668 
171.368400 	 -83.651748 
171.368400 	 -83.651748 
171.368400 	 -83.651748 
171.368400 	 -83.651748 
171.373225 	 -83.651830 
171.373225 	 -83.651830 
171.373225 	 -83.651830 
171.378053 	 -83.651915 
171.378053 	 -83.651915 
171.378053 	 -83.651915 
171.382883 	 -83.652000 
171.382883 	 -83.652000 
171.382883 	 -83.652000 
171.382883 	 -83.652000 
171.387720 	 -83.652087 
171.387720 	 -83.652087 
171.387720 	 -83.652087 
171.392553 	 -83.652175 
171.392553 	 -83.652175 
171.392553 	 -83.652175 
171.392553 	 -83.652175 
171.397382 	 -83.652265 
171.397382 	 -83.652265 
171.397382 	 -83.652265 
171.402205 	 -83.652355 
171.402205 	 -83.652355 
171.402205 	 -83.652355 
171.407025 	 -83.652445 
171.407025 	 -83.652445 
171.407025 	 -83.652445 
171.407025 	 -83.652445 
171.411833 	 -83.652532 
171.411833 	 -83.652532 
171.411833 	 -83.652532 
171.416630 	 -83.652617 
171.416630 	 -83.652617 
171.416630 	 -83.652617 
171.421423 	 -83.652700 
171.421423 	 -83.652700 
171.421423 	 -83.652700 
171.421423 	 -83.652700 
171.426210 	 -83.652780 
171.426210 	 -83.652780 
171.426210 	 -83.652780 
171.430990 	 -83.652857 
171.430990 	 -83.652857 
171.430990 	 -83.652857 
171.435765 	 -83.652932 
171.435765 	 -83.652932 
171.435765 	 -83.652932 
171.435765 	 -83.652932 
171.440538 	 -83.653005 
171.440538 	 -83.653005 
171.440538 	 -83.653005 
171.445312 	 -83.653075 
171.445312 	 -83.653075 
171.445312 	 -83.653075 
171.450085 	 -83.653142 
171.450085 	 -83.653142 
171.450085 	 -83.653142 
171.450085 	 -83.653142 
171.454858 	 -83.653207 
171.454858 	 -83.653207 
171.454858 	 -83.653207 
171.459635 	 -83.653268 
171.459635 	 -83.653268 
171.459635 	 -83.653268 
171.464405 	 -83.653330 
171.464405 	 -83.653330 
171.464405 	 -83.653330 
171.469172 	 -83.653390 
171.469172 	 -83.653390 
171.469172 	 -83.653390 
171.469172 	 -83.653390 
171.473938 	 -83.653450 
171.473938 	 -83.653450 
171.473938 	 -83.653450 
171.478692 	 -83.653512 
171.478692 	 -83.653512 
171.478692 	 -83.653512 
171.478692 	 -83.653512 
171.483433 	 -83.653572 
171.483433 	 -83.653572 
171.483433 	 -83.653572 
171.488158 	 -83.653633 
171.488158 	 -83.653633 
171.488158 	 -83.653633 
171.492865 	 -83.653695 
171.492865 	 -83.653695 
171.492865 	 -83.653695 
171.492865 	 -83.653695 
171.497565 	 -83.653757 
171.497565 	 -83.653757 
171.497565 	 -83.653757 
171.502248 	 -83.653815 
171.502248 	 -83.653815 
171.502248 	 -83.653815 
171.506930 	 -83.653873 
171.506930 	 -83.653873 
171.506930 	 -83.653873 
171.506930 	 -83.653873 
171.511600 	 -83.653928 
171.511600 	 -83.653928 
171.511600 	 -83.653928 
171.516262 	 -83.653983 
171.516262 	 -83.653983 
171.516262 	 -83.653983 
171.520913 	 -83.654038 
171.520913 	 -83.654038 
171.520913 	 -83.654038 
171.520913 	 -83.654038 
171.525560 	 -83.654093 
171.525560 	 -83.654093 
171.525560 	 -83.654093 
171.530203 	 -83.654148 
171.530203 	 -83.654148 
171.530203 	 -83.654148 
171.534845 	 -83.654203 
171.534845 	 -83.654203 
171.534845 	 -83.654203 
171.534845 	 -83.654203 
171.539493 	 -83.654260 
171.539493 	 -83.654260 
171.539493 	 -83.654260 
171.544143 	 -83.654315 
171.544143 	 -83.654315 
171.544143 	 -83.654315 
171.544143 	 -83.654315 
171.548798 	 -83.654370 
171.548798 	 -83.654370 
171.548798 	 -83.654370 
171.553460 	 -83.654423 
171.553460 	 -83.654423 
171.553460 	 -83.654423 
171.558130 	 -83.654475 
171.558130 	 -83.654475 
171.558130 	 -83.654475 
171.562807 	 -83.654527 
171.562807 	 -83.654527 
171.562807 	 -83.654527 
171.562807 	 -83.654527 
171.567482 	 -83.654578 
171.567482 	 -83.654578 
171.567482 	 -83.654578 
171.572160 	 -83.654630 
171.572160 	 -83.654630 
171.572160 	 -83.654630 
171.572160 	 -83.654630 
171.576840 	 -83.654680 
171.576840 	 -83.654680 
171.576840 	 -83.654680 
171.581532 	 -83.654730 
171.581532 	 -83.654730 
171.581532 	 -83.654730 
171.586235 	 -83.654778 
171.586235 	 -83.654778 
171.586235 	 -83.654778 
171.590953 	 -83.654823 
171.590953 	 -83.654823 
171.590953 	 -83.654823 
171.590953 	 -83.654823 
171.595680 	 -83.654870 
171.595680 	 -83.654870 
171.595680 	 -83.654870 
171.600403 	 -83.654915 
171.600403 	 -83.654915 
171.600403 	 -83.654915 
171.600403 	 -83.654915 
171.605142 	 -83.654957 
171.605142 	 -83.654957 
171.605142 	 -83.654957 
171.609883 	 -83.655000 
171.609883 	 -83.655000 
171.609883 	 -83.655000 
171.614623 	 -83.655040 
171.614623 	 -83.655040 
171.614623 	 -83.655040 
171.614623 	 -83.655040 
171.619365 	 -83.655082 
171.619365 	 -83.655082 
171.619365 	 -83.655082 
171.624103 	 -83.655125 
171.624103 	 -83.655125 
171.624103 	 -83.655125 
171.628843 	 -83.655167 
171.628843 	 -83.655167 
171.628843 	 -83.655167 
171.628843 	 -83.655167 
171.633575 	 -83.655212 
171.633575 	 -83.655212 
171.633575 	 -83.655212 
171.638302 	 -83.655257 
171.638302 	 -83.655257 
171.638302 	 -83.655257 
171.638302 	 -83.655257 
171.643015 	 -83.655303 
171.643015 	 -83.655303 
171.643015 	 -83.655303 
171.647728 	 -83.655352 
171.647728 	 -83.655352 
171.647728 	 -83.655352 
171.652433 	 -83.655402 
171.652433 	 -83.655402 
171.652433 	 -83.655402 
171.652433 	 -83.655402 
171.657133 	 -83.655452 
171.657133 	 -83.655452 
171.657133 	 -83.655452 
171.661835 	 -83.655500 
171.661835 	 -83.655500 
171.661835 	 -83.655500 
171.666533 	 -83.655550 
171.666533 	 -83.655550 
171.666533 	 -83.655550 
171.666533 	 -83.655550 
171.671235 	 -83.655600 
171.671235 	 -83.655600 
171.671235 	 -83.655600 
171.675942 	 -83.655648 
171.675942 	 -83.655648 
171.675942 	 -83.655648 
171.680650 	 -83.655698 
171.680650 	 -83.655698 
171.680650 	 -83.655698 
171.680650 	 -83.655698 
171.685370 	 -83.655747 
171.685370 	 -83.655747 
171.685370 	 -83.655747 
171.690092 	 -83.655795 
171.690092 	 -83.655795 
171.690092 	 -83.655795 
171.694820 	 -83.655843 
171.694820 	 -83.655843 
171.694820 	 -83.655843 
171.694820 	 -83.655843 
171.699547 	 -83.655892 
171.699547 	 -83.655892 
171.699547 	 -83.655892 
171.704277 	 -83.655940 
171.704277 	 -83.655940 
171.704277 	 -83.655940 
171.709000 	 -83.655988 
171.709000 	 -83.655988 
171.709000 	 -83.655988 
171.709000 	 -83.655988 
171.713728 	 -83.656035 
171.713728 	 -83.656035 
171.713728 	 -83.656035 
171.718455 	 -83.656082 
171.718455 	 -83.656082 
171.718455 	 -83.656082 
171.723185 	 -83.656127 
171.723185 	 -83.656127 
171.723185 	 -83.656127 
171.723185 	 -83.656127 
171.727917 	 -83.656173 
171.727917 	 -83.656173 
171.727917 	 -83.656173 
171.732655 	 -83.656218 
171.732655 	 -83.656218 
171.732655 	 -83.656218 
171.737398 	 -83.656260 
171.737398 	 -83.656260 
171.737398 	 -83.656260 
171.737398 	 -83.656260 
171.742147 	 -83.656303 
171.742147 	 -83.656303 
171.742147 	 -83.656303 
171.746895 	 -83.656345 
171.746895 	 -83.656345 
171.746895 	 -83.656345 
171.746895 	 -83.656345 
171.751647 	 -83.656390 
171.751647 	 -83.656390 
171.751647 	 -83.656390 
171.756388 	 -83.656437 
171.756388 	 -83.656437 
171.756388 	 -83.656437 
171.761130 	 -83.656483 
171.761130 	 -83.656483 
171.761130 	 -83.656483 
171.761130 	 -83.656483 
171.765867 	 -83.656532 
171.765867 	 -83.656532 
171.765867 	 -83.656532 
171.770600 	 -83.656583 
171.770600 	 -83.656583 
171.770600 	 -83.656583 
171.775330 	 -83.656635 
171.775330 	 -83.656635 
171.775330 	 -83.656635 
171.780058 	 -83.656690 
171.780058 	 -83.656690 
171.780058 	 -83.656690 
171.780058 	 -83.656690 
171.784783 	 -83.656745 
171.784783 	 -83.656745 
171.784783 	 -83.656745 
171.789505 	 -83.656798 
171.789505 	 -83.656798 
171.789505 	 -83.656798 
171.794220 	 -83.656853 
171.794220 	 -83.656853 
171.794220 	 -83.656853 
171.794220 	 -83.656853 
171.798933 	 -83.656910 
171.798933 	 -83.656910 
171.798933 	 -83.656910 
171.803635 	 -83.656965 
171.803635 	 -83.656965 
171.803635 	 -83.656965 
171.808333 	 -83.657023 
171.808333 	 -83.657023 
171.808333 	 -83.657023 
171.808333 	 -83.657023 
171.813028 	 -83.657082 
171.813028 	 -83.657082 
171.813028 	 -83.657082 
171.817720 	 -83.657140 
171.817720 	 -83.657140 
171.817720 	 -83.657140 
171.822422 	 -83.657198 
171.822422 	 -83.657198 
171.822422 	 -83.657198 
171.822422 	 -83.657198 
171.827128 	 -83.657257 
171.827128 	 -83.657257 
171.827128 	 -83.657257 
171.831848 	 -83.657318 
171.831848 	 -83.657318 
171.831848 	 -83.657318 
171.836588 	 -83.657380 
171.836588 	 -83.657380 
171.836588 	 -83.657380 
171.841328 	 -83.657443 
171.841328 	 -83.657443 
171.841328 	 -83.657443 
171.841328 	 -83.657443 
171.846063 	 -83.657507 
171.846063 	 -83.657507 
171.846063 	 -83.657507 
171.850788 	 -83.657572 
171.850788 	 -83.657572 
171.850788 	 -83.657572 
171.855510 	 -83.657637 
171.855510 	 -83.657637 
171.855510 	 -83.657637 
171.855510 	 -83.657637 
171.860223 	 -83.657702 
171.860223 	 -83.657702 
171.860223 	 -83.657702 
171.864928 	 -83.657767 
171.864928 	 -83.657767 
171.864928 	 -83.657767 
171.869628 	 -83.657833 
171.869628 	 -83.657833 
171.869628 	 -83.657833 
171.869628 	 -83.657833 
171.874328 	 -83.657898 
171.874328 	 -83.657898 
171.874328 	 -83.657898 
171.879018 	 -83.657962 
171.879018 	 -83.657962 
171.879018 	 -83.657962 
171.883667 	 -83.658023 
171.883667 	 -83.658023 
171.883667 	 -83.658023 
171.883667 	 -83.658023 
171.888288 	 -83.658085 
171.888288 	 -83.658085 
171.888288 	 -83.658085 
171.892883 	 -83.658148 
171.892883 	 -83.658148 
171.892883 	 -83.658148 
171.897457 	 -83.658210 
171.897457 	 -83.658210 
171.897457 	 -83.658210 
171.897457 	 -83.658210 
171.902008 	 -83.658273 
171.902008 	 -83.658273 
171.902008 	 -83.658273 
171.906542 	 -83.658338 
171.906542 	 -83.658338 
171.906542 	 -83.658338 
171.906542 	 -83.658338 
171.911068 	 -83.658403 
171.911068 	 -83.658403 
171.911068 	 -83.658403 
171.915585 	 -83.658467 
171.915585 	 -83.658467 
171.915585 	 -83.658467 
171.920100 	 -83.658533 
171.920100 	 -83.658533 
171.920100 	 -83.658533 
171.920100 	 -83.658533 
171.924600 	 -83.658600 
171.924600 	 -83.658600 
171.924600 	 -83.658600 
171.929093 	 -83.658667 
171.929093 	 -83.658667 
171.929093 	 -83.658667 
171.933572 	 -83.658732 
171.933572 	 -83.658732 
171.933572 	 -83.658732 
171.938035 	 -83.658800 
171.938035 	 -83.658800 
171.938035 	 -83.658800 
171.938035 	 -83.658800 
171.942483 	 -83.658867 
171.942483 	 -83.658867 
171.942483 	 -83.658867 
171.946918 	 -83.658935 
171.946918 	 -83.658935 
171.946918 	 -83.658935 
171.951330 	 -83.659003 
171.951330 	 -83.659003 
171.951330 	 -83.659003 
171.951330 	 -83.659003 
171.955713 	 -83.659072 
171.955713 	 -83.659072 
171.955713 	 -83.659072 
171.960072 	 -83.659140 
171.960072 	 -83.659140 
171.960072 	 -83.659140 
171.964403 	 -83.659208 
171.964403 	 -83.659208 
171.964403 	 -83.659208 
171.964403 	 -83.659208 
171.968705 	 -83.659277 
171.968705 	 -83.659277 
171.968705 	 -83.659277 
171.972985 	 -83.659345 
171.972985 	 -83.659345 
171.972985 	 -83.659345 
171.972985 	 -83.659345 
171.977255 	 -83.659413 
171.977255 	 -83.659413 
171.977255 	 -83.659413 
171.981517 	 -83.659480 
171.981517 	 -83.659480 
171.981517 	 -83.659480 
171.985773 	 -83.659547 
171.985773 	 -83.659547 
171.985773 	 -83.659547 
171.990038 	 -83.659612 
171.990038 	 -83.659612 
171.990038 	 -83.659612 
171.990038 	 -83.659612 
171.994320 	 -83.659677 
171.994320 	 -83.659677 
171.994320 	 -83.659677 
171.998612 	 -83.659742 
171.998612 	 -83.659742 
171.998612 	 -83.659742 
172.002917 	 -83.659805 
172.002917 	 -83.659805 
172.002917 	 -83.659805 
172.002917 	 -83.659805 
172.007225 	 -83.659867 
172.007225 	 -83.659867 
172.007225 	 -83.659867 
172.011545 	 -83.659928 
172.011545 	 -83.659928 
172.011545 	 -83.659928 
172.015888 	 -83.659987 
172.015888 	 -83.659987 
172.015888 	 -83.659987 
172.020257 	 -83.660045 
172.020257 	 -83.660045 
172.020257 	 -83.660045 
172.020257 	 -83.660045 
172.024642 	 -83.660100 
172.024642 	 -83.660100 
172.024642 	 -83.660100 
172.029047 	 -83.660150 
172.029047 	 -83.660150 
172.029047 	 -83.660150 
172.029047 	 -83.660150 
172.033450 	 -83.660200 
172.033450 	 -83.660200 
172.033450 	 -83.660200 
172.037860 	 -83.660250 
172.037860 	 -83.660250 
172.037860 	 -83.660250 
172.042270 	 -83.660298 
172.042270 	 -83.660298 
172.042270 	 -83.660298 
172.042270 	 -83.660298 
172.046685 	 -83.660347 
172.046685 	 -83.660347 
172.046685 	 -83.660347 
172.051110 	 -83.660395 
172.051110 	 -83.660395 
172.051110 	 -83.660395 
172.055550 	 -83.660443 
172.055550 	 -83.660443 
172.055550 	 -83.660443 
172.055550 	 -83.660443 
172.059993 	 -83.660493 
172.059993 	 -83.660493 
172.059993 	 -83.660493 
172.064458 	 -83.660545 
172.064458 	 -83.660545 
172.064458 	 -83.660545 
172.068930 	 -83.660598 
172.068930 	 -83.660598 
172.068930 	 -83.660598 
172.073413 	 -83.660653 
172.073413 	 -83.660653 
172.073413 	 -83.660653 
172.073413 	 -83.660653 
172.077893 	 -83.660708 
172.077893 	 -83.660708 
172.077893 	 -83.660708 
172.082380 	 -83.660765 
172.082380 	 -83.660765 
172.082380 	 -83.660765 
172.086863 	 -83.660823 
172.086863 	 -83.660823 
172.086863 	 -83.660823 
172.086863 	 -83.660823 
172.091343 	 -83.660882 
172.091343 	 -83.660882 
172.091343 	 -83.660882 
172.095822 	 -83.660942 
172.095822 	 -83.660942 
172.095822 	 -83.660942 
172.100298 	 -83.661002 
172.100298 	 -83.661002 
172.100298 	 -83.661002 
172.100298 	 -83.661002 
172.104773 	 -83.661062 
172.104773 	 -83.661062 
172.104773 	 -83.661062 
172.109263 	 -83.661120 
172.109263 	 -83.661120 
172.109263 	 -83.661120 
172.113755 	 -83.661178 
172.113755 	 -83.661178 
172.113755 	 -83.661178 
172.113755 	 -83.661178 
172.118248 	 -83.661237 
172.118248 	 -83.661237 
172.118248 	 -83.661237 
172.122750 	 -83.661295 
172.122750 	 -83.661295 
172.122750 	 -83.661295 
172.127257 	 -83.661352 
172.127257 	 -83.661352 
172.127257 	 -83.661352 
172.127257 	 -83.661352 
172.131772 	 -83.661407 
172.131772 	 -83.661407 
172.131772 	 -83.661407 
172.136287 	 -83.661460 
172.136287 	 -83.661460 
172.136287 	 -83.661460 
172.136287 	 -83.661460 
172.140803 	 -83.661517 
172.140803 	 -83.661517 
172.140803 	 -83.661517 
172.145323 	 -83.661573 
172.145323 	 -83.661573 
172.145323 	 -83.661573 
172.149842 	 -83.661630 
172.149842 	 -83.661630 
172.149842 	 -83.661630 
172.154368 	 -83.661685 
172.154368 	 -83.661685 
172.154368 	 -83.661685 
172.154368 	 -83.661685 
172.158895 	 -83.661740 
172.158895 	 -83.661740 
172.158895 	 -83.661740 
172.163418 	 -83.661797 
172.163418 	 -83.661797 
172.163418 	 -83.661797 
172.167940 	 -83.661853 
172.167940 	 -83.661853 
172.167940 	 -83.661853 
172.167940 	 -83.661853 
172.172458 	 -83.661912 
172.172458 	 -83.661912 
172.172458 	 -83.661912 
172.176978 	 -83.661970 
172.176978 	 -83.661970 
172.176978 	 -83.661970 
172.176978 	 -83.661970 
172.181495 	 -83.662030 
172.181495 	 -83.662030 
172.181495 	 -83.662030 
172.186010 	 -83.662090 
172.186010 	 -83.662090 
172.186010 	 -83.662090 
172.190525 	 -83.662148 
172.190525 	 -83.662148 
172.190525 	 -83.662148 
172.195042 	 -83.662207 
172.195042 	 -83.662207 
172.195042 	 -83.662207 
172.195042 	 -83.662207 
172.199555 	 -83.662263 
172.199555 	 -83.662263 
172.199555 	 -83.662263 
172.204068 	 -83.662318 
172.204068 	 -83.662318 
172.204068 	 -83.662318 
172.204068 	 -83.662318 
172.208582 	 -83.662373 
172.208582 	 -83.662373 
172.208582 	 -83.662373 
172.213090 	 -83.662428 
172.213090 	 -83.662428 
172.213090 	 -83.662428 
172.217598 	 -83.662483 
172.217598 	 -83.662483 
172.217598 	 -83.662483 
172.222108 	 -83.662537 
172.222108 	 -83.662537 
172.222108 	 -83.662537 
172.222108 	 -83.662537 
172.226618 	 -83.662592 
172.226618 	 -83.662592 
172.226618 	 -83.662592 
172.231123 	 -83.662645 
172.231123 	 -83.662645 
172.231123 	 -83.662645 
172.235617 	 -83.662700 
172.235617 	 -83.662700 
172.235617 	 -83.662700 
172.240093 	 -83.662752 
172.240093 	 -83.662752 
172.240093 	 -83.662752 
172.240093 	 -83.662752 
172.244558 	 -83.662803 
172.244558 	 -83.662803 
172.244558 	 -83.662803 
172.249015 	 -83.662853 
172.249015 	 -83.662853 
172.249015 	 -83.662853 
172.249015 	 -83.662853 
172.253458 	 -83.662902 
172.253458 	 -83.662902 
172.253458 	 -83.662902 
172.257892 	 -83.662950 
172.257892 	 -83.662950 
172.257892 	 -83.662950 
172.262320 	 -83.662997 
172.262320 	 -83.662997 
172.262320 	 -83.662997 
172.262320 	 -83.662997 
172.266743 	 -83.663045 
172.266743 	 -83.663045 
172.266743 	 -83.663045 
172.271167 	 -83.663095 
172.271167 	 -83.663095 
172.271167 	 -83.663095 
172.275573 	 -83.663147 
172.275573 	 -83.663147 
172.275573 	 -83.663147 
172.275573 	 -83.663147 
172.279995 	 -83.663197 
172.279995 	 -83.663197 
172.279995 	 -83.663197 
172.284417 	 -83.663248 
172.284417 	 -83.663248 
172.284417 	 -83.663248 
172.288842 	 -83.663300 
172.288842 	 -83.663300 
172.288842 	 -83.663300 
172.288842 	 -83.663300 
172.293270 	 -83.663348 
172.293270 	 -83.663348 
172.293270 	 -83.663348 
172.297698 	 -83.663397 
172.297698 	 -83.663397 
172.297698 	 -83.663397 
172.297698 	 -83.663397 
172.302125 	 -83.663445 
172.302125 	 -83.663445 
172.302125 	 -83.663445 
172.306547 	 -83.663492 
172.306547 	 -83.663492 
172.306547 	 -83.663492 
172.310957 	 -83.663535 
172.310957 	 -83.663535 
172.310957 	 -83.663535 
172.315352 	 -83.663577 
172.315352 	 -83.663577 
172.315352 	 -83.663577 
172.315352 	 -83.663577 
172.319722 	 -83.663617 
172.319722 	 -83.663617 
172.319722 	 -83.663617 
172.324072 	 -83.663653 
172.324072 	 -83.663653 
172.324072 	 -83.663653 
172.324072 	 -83.663653 
172.328400 	 -83.663687 
172.328400 	 -83.663687 
172.328400 	 -83.663687 
172.332710 	 -83.663717 
172.332710 	 -83.663717 
172.332710 	 -83.663717 
172.337005 	 -83.663743 
172.337005 	 -83.663743 
172.337005 	 -83.663743 
172.337005 	 -83.663743 
172.341290 	 -83.663768 
172.341290 	 -83.663768 
172.341290 	 -83.663768 
172.345570 	 -83.663790 
172.345570 	 -83.663790 
172.345570 	 -83.663790 
172.349850 	 -83.663812 
172.349850 	 -83.663812 
172.349850 	 -83.663812 
172.349850 	 -83.663812 
172.354137 	 -83.663835 
172.354137 	 -83.663835 
172.354137 	 -83.663835 
172.358433 	 -83.663858 
172.358433 	 -83.663858 
172.358433 	 -83.663858 
172.358433 	 -83.663858 
172.362727 	 -83.663882 
172.362727 	 -83.663882 
172.362727 	 -83.663882 
172.367012 	 -83.663905 
172.367012 	 -83.663905 
172.367012 	 -83.663905 
172.371307 	 -83.663930 
172.371307 	 -83.663930 
172.371307 	 -83.663930 
172.375602 	 -83.663955 
172.375602 	 -83.663955 
172.375602 	 -83.663955 
172.375602 	 -83.663955 
172.379898 	 -83.663978 
172.379898 	 -83.663978 
172.379898 	 -83.663978 
172.384198 	 -83.664002 
172.384198 	 -83.664002 
172.384198 	 -83.664002 
172.384198 	 -83.664002 
172.388503 	 -83.664023 
172.388503 	 -83.664023 
172.388503 	 -83.664023 
172.392805 	 -83.664047 
172.392805 	 -83.664047 
172.392805 	 -83.664047 
172.397107 	 -83.664068 
172.397107 	 -83.664068 
172.397107 	 -83.664068 
172.397107 	 -83.664068 
172.401410 	 -83.664090 
172.401410 	 -83.664090 
172.401410 	 -83.664090 
172.405715 	 -83.664108 
172.405715 	 -83.664108 
172.405715 	 -83.664108 
172.410023 	 -83.664125 
172.410023 	 -83.664125 
172.410023 	 -83.664125 
172.410023 	 -83.664125 
172.414318 	 -83.664142 
172.414318 	 -83.664142 
172.414318 	 -83.664142 
172.418617 	 -83.664157 
172.418617 	 -83.664157 
172.418617 	 -83.664157 
172.422920 	 -83.664170 
172.422920 	 -83.664170 
172.422920 	 -83.664170 
172.422920 	 -83.664170 
172.427223 	 -83.664183 
172.427223 	 -83.664183 
172.427223 	 -83.664183 
172.431522 	 -83.664195 
172.431522 	 -83.664195 
172.431522 	 -83.664195 
172.435820 	 -83.664205 
172.435820 	 -83.664205 
172.435820 	 -83.664205 
172.435820 	 -83.664205 
172.440112 	 -83.664213 
172.440112 	 -83.664213 
172.440112 	 -83.664213 
172.444408 	 -83.664222 
172.444408 	 -83.664222 
172.444408 	 -83.664222 
172.448698 	 -83.664232 
172.448698 	 -83.664232 
172.448698 	 -83.664232 
172.448698 	 -83.664232 
172.452983 	 -83.664238 
172.452983 	 -83.664238 
172.452983 	 -83.664238 
172.457267 	 -83.664243 
172.457267 	 -83.664243 
172.457267 	 -83.664243 
172.461547 	 -83.664250 
172.461547 	 -83.664250 
172.461547 	 -83.664250 
172.461547 	 -83.664250 
172.465823 	 -83.664258 
172.465823 	 -83.664258 
172.465823 	 -83.664258 
172.470097 	 -83.664267 
172.470097 	 -83.664267 
172.470097 	 -83.664267 
172.474370 	 -83.664277 
172.474370 	 -83.664277 
172.474370 	 -83.664277 
172.474370 	 -83.664277 
172.478653 	 -83.664288 
172.478653 	 -83.664288 
172.478653 	 -83.664288 
172.482930 	 -83.664300 
172.482930 	 -83.664300 
172.482930 	 -83.664300 
172.487207 	 -83.664313 
172.487207 	 -83.664313 
172.487207 	 -83.664313 
172.487207 	 -83.664313 
172.491480 	 -83.664330 
172.491480 	 -83.664330 
172.491480 	 -83.664330 
172.495747 	 -83.664345 
172.495747 	 -83.664345 
172.495747 	 -83.664345 
172.500018 	 -83.664362 
172.500018 	 -83.664362 
172.500018 	 -83.664362 
172.500018 	 -83.664362 
172.504290 	 -83.664375 
172.504290 	 -83.664375 
172.504290 	 -83.664375 
172.508557 	 -83.664390 
172.508557 	 -83.664390 
172.508557 	 -83.664390 
172.508557 	 -83.664390 
172.512818 	 -83.664402 
172.512818 	 -83.664402 
172.512818 	 -83.664402 
172.517073 	 -83.664413 
172.517073 	 -83.664413 
172.517073 	 -83.664413 
172.521335 	 -83.664423 
172.521335 	 -83.664423 
172.521335 	 -83.664423 
172.521335 	 -83.664423 
172.525595 	 -83.664432 
172.525595 	 -83.664432 
172.525595 	 -83.664432 
172.529857 	 -83.664437 
172.529857 	 -83.664437 
172.529857 	 -83.664437 
172.534113 	 -83.664440 
172.534113 	 -83.664440 
172.534113 	 -83.664440 
172.534113 	 -83.664440 
172.538373 	 -83.664440 
172.538373 	 -83.664440 
172.538373 	 -83.664440 
172.542628 	 -83.664438 
172.542628 	 -83.664438 
172.542628 	 -83.664438 
172.546895 	 -83.664437 
172.546895 	 -83.664437 
172.546895 	 -83.664437 
172.546895 	 -83.664437 
172.551150 	 -83.664435 
172.551150 	 -83.664435 
172.551150 	 -83.664435 
172.555410 	 -83.664435 
172.555410 	 -83.664435 
172.555410 	 -83.664435 
172.559672 	 -83.664435 
172.559672 	 -83.664435 
172.559672 	 -83.664435 
172.559672 	 -83.664435 
172.563942 	 -83.664433 
172.563942 	 -83.664433 
172.563942 	 -83.664433 
172.568223 	 -83.664435 
172.568223 	 -83.664435 
172.568223 	 -83.664435 
172.568223 	 -83.664435 
172.572520 	 -83.664438 
172.572520 	 -83.664438 
172.572520 	 -83.664438 
172.576832 	 -83.664437 
172.576832 	 -83.664437 
172.576832 	 -83.664437 
172.581158 	 -83.664437 
172.581158 	 -83.664437 
172.581158 	 -83.664437 
172.581158 	 -83.664437 
172.585493 	 -83.664437 
172.585493 	 -83.664437 
172.585493 	 -83.664437 
172.589842 	 -83.664440 
172.589842 	 -83.664440 
172.589842 	 -83.664440 
172.594190 	 -83.664443 
172.594190 	 -83.664443 
172.594190 	 -83.664443 
172.598533 	 -83.664450 
172.598533 	 -83.664450 
172.598533 	 -83.664450 
172.598533 	 -83.664450 
172.602875 	 -83.664455 
172.602875 	 -83.664455 
172.602875 	 -83.664455 
172.607203 	 -83.664463 
172.607203 	 -83.664463 
172.607203 	 -83.664463 
172.607203 	 -83.664463 
172.611538 	 -83.664473 
172.611538 	 -83.664473 
172.611538 	 -83.664473 
172.615873 	 -83.664488 
172.615873 	 -83.664488 
172.615873 	 -83.664488 
172.620207 	 -83.664505 
172.620207 	 -83.664505 
172.620207 	 -83.664505 
172.620207 	 -83.664505 
172.624548 	 -83.664527 
172.624548 	 -83.664527 
172.624548 	 -83.664527 
172.628897 	 -83.664548 
172.628897 	 -83.664548 
172.628897 	 -83.664548 
172.633248 	 -83.664568 
172.633248 	 -83.664568 
172.633248 	 -83.664568 
172.633248 	 -83.664568 
172.637605 	 -83.664588 
172.637605 	 -83.664588 
172.637605 	 -83.664588 
172.641955 	 -83.664612 
172.641955 	 -83.664612 
172.641955 	 -83.664612 
172.646308 	 -83.664637 
172.646308 	 -83.664637 
172.646308 	 -83.664637 
172.646308 	 -83.664637 
172.650658 	 -83.664667 
172.650658 	 -83.664667 
172.650658 	 -83.664667 
172.655003 	 -83.664702 
172.655003 	 -83.664702 
172.655003 	 -83.664702 
172.659350 	 -83.664747 
172.659350 	 -83.664747 
172.659350 	 -83.664747 
172.659350 	 -83.664747 
172.663688 	 -83.664803 
172.663688 	 -83.664803 
172.663688 	 -83.664803 
172.668020 	 -83.664873 
172.668020 	 -83.664873 
172.668020 	 -83.664873 
172.668020 	 -83.664873 
172.672337 	 -83.664955 
172.672337 	 -83.664955 
172.672337 	 -83.664955 
172.676632 	 -83.665055 
172.676632 	 -83.665055 
172.676632 	 -83.665055 
172.680895 	 -83.665170 
172.680895 	 -83.665170 
172.680895 	 -83.665170 
172.680895 	 -83.665170 
172.685137 	 -83.665298 
172.685137 	 -83.665298 
172.685137 	 -83.665298 
172.689337 	 -83.665443 
172.689337 	 -83.665443 
172.689337 	 -83.665443 
172.693490 	 -83.665603 
172.693490 	 -83.665603 
172.693490 	 -83.665603 
172.697597 	 -83.665778 
172.697597 	 -83.665778 
172.697597 	 -83.665778 
172.697597 	 -83.665778 
172.701650 	 -83.665968 
172.701650 	 -83.665968 
172.701650 	 -83.665968 
172.705640 	 -83.666175 
172.705640 	 -83.666175 
172.705640 	 -83.666175 
172.709548 	 -83.666400 
172.709548 	 -83.666400 
172.709548 	 -83.666400 
172.709548 	 -83.666400 
172.713373 	 -83.666642 
172.713373 	 -83.666642 
172.713373 	 -83.666642 
172.717123 	 -83.666895 
172.717123 	 -83.666895 
172.717123 	 -83.666895 
172.717123 	 -83.666895 
172.720812 	 -83.667158 
172.720812 	 -83.667158 
172.720812 	 -83.667158 
172.724455 	 -83.667427 
172.724455 	 -83.667427 
172.724455 	 -83.667427 
172.728040 	 -83.667703 
172.728040 	 -83.667703 
172.728040 	 -83.667703 
172.731593 	 -83.667983 
172.731593 	 -83.667983 
172.731593 	 -83.667983 
172.731593 	 -83.667983 
172.735120 	 -83.668267 
172.735120 	 -83.668267 
172.735120 	 -83.668267 
172.738642 	 -83.668548 
172.738642 	 -83.668548 
172.738642 	 -83.668548 
172.738642 	 -83.668548 
172.742155 	 -83.668832 
172.742155 	 -83.668832 
172.742155 	 -83.668832 
172.745668 	 -83.669117 
172.745668 	 -83.669117 
172.745668 	 -83.669117 
172.749185 	 -83.669400 
172.749185 	 -83.669400 
172.749185 	 -83.669400 
172.749185 	 -83.669400 
172.752710 	 -83.669682 
172.752710 	 -83.669682 
172.752710 	 -83.669682 
172.756232 	 -83.669965 
172.756232 	 -83.669965 
172.756232 	 -83.669965 
172.759740 	 -83.670248 
172.759740 	 -83.670248 
172.759740 	 -83.670248 
172.759740 	 -83.670248 
172.763242 	 -83.670533 
172.763242 	 -83.670533 
172.763242 	 -83.670533 
172.766713 	 -83.670822 
172.766713 	 -83.670822 
172.766713 	 -83.670822 
172.770178 	 -83.671112 
172.770178 	 -83.671112 
172.770178 	 -83.671112 
172.770178 	 -83.671112 
172.773630 	 -83.671403 
172.773630 	 -83.671403 
172.773630 	 -83.671403 
172.777077 	 -83.671698 
172.777077 	 -83.671698 
172.777077 	 -83.671698 
172.780510 	 -83.671997 
172.780510 	 -83.671997 
172.780510 	 -83.671997 
172.780510 	 -83.671997 
172.783902 	 -83.672303 
172.783902 	 -83.672303 
172.783902 	 -83.672303 
172.787288 	 -83.672612 
172.787288 	 -83.672612 
172.787288 	 -83.672612 
172.790655 	 -83.672925 
172.790655 	 -83.672925 
172.790655 	 -83.672925 
172.790655 	 -83.672925 
172.794003 	 -83.673243 
172.794003 	 -83.673243 
172.794003 	 -83.673243 
172.797338 	 -83.673565 
172.797338 	 -83.673565 
172.797338 	 -83.673565 
172.800675 	 -83.673887 
172.800675 	 -83.673887 
172.800675 	 -83.673887 
172.800675 	 -83.673887 
172.804028 	 -83.674207 
172.804028 	 -83.674207 
172.804028 	 -83.674207 
172.807397 	 -83.674527 
172.807397 	 -83.674527 
172.807397 	 -83.674527 
172.810778 	 -83.674845 
172.810778 	 -83.674845 
172.810778 	 -83.674845 
172.810778 	 -83.674845 
172.814187 	 -83.675162 
172.814187 	 -83.675162 
172.814187 	 -83.675162 
172.817623 	 -83.675473 
172.817623 	 -83.675473 
172.817623 	 -83.675473 
172.817623 	 -83.675473 
172.821057 	 -83.675787 
172.821057 	 -83.675787 
172.821057 	 -83.675787 
172.824502 	 -83.676098 
172.824502 	 -83.676098 
172.824502 	 -83.676098 
172.827957 	 -83.676410 
172.827957 	 -83.676410 
172.827957 	 -83.676410 
172.831422 	 -83.676718 
172.831422 	 -83.676718 
172.831422 	 -83.676718 
172.831422 	 -83.676718 
172.834883 	 -83.677030 
172.834883 	 -83.677030 
172.834883 	 -83.677030 
172.838342 	 -83.677340 
172.838342 	 -83.677340 
172.838342 	 -83.677340 
172.841797 	 -83.677653 
172.841797 	 -83.677653 
172.841797 	 -83.677653 
172.841797 	 -83.677653 
172.845252 	 -83.677965 
172.845252 	 -83.677965 
172.845252 	 -83.677965 
172.848702 	 -83.678277 
172.848702 	 -83.678277 
172.848702 	 -83.678277 
172.852152 	 -83.678588 
172.852152 	 -83.678588 
172.852152 	 -83.678588 
172.852152 	 -83.678588 
172.855608 	 -83.678900 
172.855608 	 -83.678900 
172.855608 	 -83.678900 
172.859063 	 -83.679212 
172.859063 	 -83.679212 
172.859063 	 -83.679212 
172.859063 	 -83.679212 
172.862523 	 -83.679527 
172.862523 	 -83.679527 
172.862523 	 -83.679527 
172.866007 	 -83.679843 
172.866007 	 -83.679843 
172.866007 	 -83.679843 
172.869490 	 -83.680162 
172.869490 	 -83.680162 
172.869490 	 -83.680162 
172.869490 	 -83.680162 
172.872998 	 -83.680480 
172.872998 	 -83.680480 
172.872998 	 -83.680480 
172.876550 	 -83.680798 
172.876550 	 -83.680798 
172.876550 	 -83.680798 
172.880112 	 -83.681118 
172.880112 	 -83.681118 
172.880112 	 -83.681118 
172.880112 	 -83.681118 
172.883687 	 -83.681440 
172.883687 	 -83.681440 
172.883687 	 -83.681440 
172.887283 	 -83.681762 
172.887283 	 -83.681762 
172.887283 	 -83.681762 
172.890922 	 -83.682083 
172.890922 	 -83.682083 
172.890922 	 -83.682083 
172.890922 	 -83.682083 
172.894592 	 -83.682402 
172.894592 	 -83.682402 
172.894592 	 -83.682402 
172.898280 	 -83.682718 
172.898280 	 -83.682718 
172.898280 	 -83.682718 
172.901993 	 -83.683032 
172.901993 	 -83.683032 
172.901993 	 -83.683032 
172.901993 	 -83.683032 
172.905728 	 -83.683340 
172.905728 	 -83.683340 
172.905728 	 -83.683340 
172.909482 	 -83.683647 
172.909482 	 -83.683647 
172.909482 	 -83.683647 
172.913243 	 -83.683950 
172.913243 	 -83.683950 
172.913243 	 -83.683950 
172.913243 	 -83.683950 
172.917037 	 -83.684250 
172.917037 	 -83.684250 
172.917037 	 -83.684250 
172.920852 	 -83.684548 
172.920852 	 -83.684548 
172.920852 	 -83.684548 
172.924673 	 -83.684842 
172.924673 	 -83.684842 
172.924673 	 -83.684842 
172.924673 	 -83.684842 
172.928518 	 -83.685130 
172.928518 	 -83.685130 
172.928518 	 -83.685130 
172.932388 	 -83.685412 
172.932388 	 -83.685412 
172.932388 	 -83.685412 
172.932388 	 -83.685412 
172.936277 	 -83.685690 
172.936277 	 -83.685690 
172.936277 	 -83.685690 
172.940195 	 -83.685963 
172.940195 	 -83.685963 
172.940195 	 -83.685963 
172.944158 	 -83.686228 
172.944158 	 -83.686228 
172.944158 	 -83.686228 
172.944158 	 -83.686228 
172.948192 	 -83.686483 
172.948192 	 -83.686483 
172.948192 	 -83.686483 
172.952303 	 -83.686723 
172.952303 	 -83.686723 
172.952303 	 -83.686723 
172.956497 	 -83.686948 
172.956497 	 -83.686948 
172.956497 	 -83.686948 
172.956497 	 -83.686948 
172.960777 	 -83.687152 
172.960777 	 -83.687152 
172.960777 	 -83.687152 
172.965170 	 -83.687328 
172.965170 	 -83.687328 
172.965170 	 -83.687328 
172.969677 	 -83.687470 
172.969677 	 -83.687470 
172.969677 	 -83.687470 
172.969677 	 -83.687470 
172.974278 	 -83.687575 
172.974278 	 -83.687575 
172.974278 	 -83.687575 
172.978945 	 -83.687643 
172.978945 	 -83.687643 
172.978945 	 -83.687643 
172.978945 	 -83.687643 
172.983650 	 -83.687673 
172.983650 	 -83.687673 
172.983650 	 -83.687673 
172.988363 	 -83.687663 
172.988363 	 -83.687663 
172.988363 	 -83.687663 
172.993053 	 -83.687618 
172.993053 	 -83.687618 
172.993053 	 -83.687618 
172.997715 	 -83.687532 
172.997715 	 -83.687532 
172.997715 	 -83.687532 
172.997715 	 -83.687532 
173.002322 	 -83.687408 
173.002322 	 -83.687408 
173.002322 	 -83.687408 
173.006848 	 -83.687245 
173.006848 	 -83.687245 
173.006848 	 -83.687245 
173.011277 	 -83.687040 
173.011277 	 -83.687040 
173.011277 	 -83.687040 
173.011277 	 -83.687040 
173.015562 	 -83.686795 
173.015562 	 -83.686795 
173.015562 	 -83.686795 
173.019665 	 -83.686510 
173.019665 	 -83.686510 
173.019665 	 -83.686510 
173.023560 	 -83.686183 
173.023560 	 -83.686183 
173.023560 	 -83.686183 
173.023560 	 -83.686183 
173.027238 	 -83.685827 
173.027238 	 -83.685827 
173.027238 	 -83.685827 
173.030677 	 -83.685437 
173.030677 	 -83.685437 
173.030677 	 -83.685437 
173.033833 	 -83.685017 
173.033833 	 -83.685017 
173.033833 	 -83.685017 
173.033833 	 -83.685017 
173.036660 	 -83.684567 
173.036660 	 -83.684567 
173.036660 	 -83.684567 
173.039152 	 -83.684095 
173.039152 	 -83.684095 
173.039152 	 -83.684095 
173.041327 	 -83.683603 
173.041327 	 -83.683603 
173.041327 	 -83.683603 
173.041327 	 -83.683603 
173.043193 	 -83.683098 
173.043193 	 -83.683098 
173.043193 	 -83.683098 
173.044700 	 -83.682578 
173.044700 	 -83.682578 
173.044700 	 -83.682578 
173.045813 	 -83.682045 
173.045813 	 -83.682045 
173.045813 	 -83.682045 
173.045813 	 -83.682045 
173.046555 	 -83.681502 
173.046555 	 -83.681502 
173.046555 	 -83.681502 
173.046923 	 -83.680952 
173.046923 	 -83.680952 
173.046923 	 -83.680952 
173.046923 	 -83.680952 
173.046883 	 -83.680402 
173.046883 	 -83.680402 
173.046883 	 -83.680402 
173.046422 	 -83.679852 
173.046422 	 -83.679852 
173.046422 	 -83.679852 
173.045567 	 -83.679307 
173.045567 	 -83.679307 
173.045567 	 -83.679307 
173.045567 	 -83.679307 
173.044332 	 -83.678768 
173.044332 	 -83.678768 
173.044332 	 -83.678768 
173.042752 	 -83.678240 
173.042752 	 -83.678240 
173.042752 	 -83.678240 
173.040825 	 -83.677723 
173.040825 	 -83.677723 
173.040825 	 -83.677723 
173.040825 	 -83.677723 
173.038575 	 -83.677222 
173.038575 	 -83.677222 
173.038575 	 -83.677222 
173.036008 	 -83.676737 
173.036008 	 -83.676737 
173.036008 	 -83.676737 
173.033212 	 -83.676267 
173.033212 	 -83.676267 
173.033212 	 -83.676267 
173.033212 	 -83.676267 
173.030222 	 -83.675810 
173.030222 	 -83.675810 
173.030222 	 -83.675810 
173.027047 	 -83.675370 
173.027047 	 -83.675370 
173.027047 	 -83.675370 
173.023722 	 -83.674940 
173.023722 	 -83.674940 
173.023722 	 -83.674940 
173.023722 	 -83.674940 
173.020250 	 -83.674527 
173.020250 	 -83.674527 
173.020250 	 -83.674527 
173.016622 	 -83.674127 
173.016622 	 -83.674127 
173.016622 	 -83.674127 
173.012868 	 -83.673740 
173.012868 	 -83.673740 
173.012868 	 -83.673740 
173.012868 	 -83.673740 
173.009012 	 -83.673368 
173.009012 	 -83.673368 
173.009012 	 -83.673368 
173.005078 	 -83.673010 
173.005078 	 -83.673010 
173.005078 	 -83.673010 
173.001102 	 -83.672662 
173.001102 	 -83.672662 
173.001102 	 -83.672662 
173.001102 	 -83.672662 
172.997098 	 -83.672325 
172.997098 	 -83.672325 
172.997098 	 -83.672325 
172.993045 	 -83.671997 
172.993045 	 -83.671997 
172.993045 	 -83.671997 
172.989002 	 -83.671677 
172.989002 	 -83.671677 
172.989002 	 -83.671677 
172.989002 	 -83.671677 
172.984947 	 -83.671362 
172.984947 	 -83.671362 
172.984947 	 -83.671362 
172.980897 	 -83.671048 
172.980897 	 -83.671048 
172.980897 	 -83.671048 
172.976845 	 -83.670735 
172.976845 	 -83.670735 
172.976845 	 -83.670735 
172.976845 	 -83.670735 
172.972810 	 -83.670422 
172.972810 	 -83.670422 
172.972810 	 -83.670422 
172.968783 	 -83.670108 
172.968783 	 -83.670108 
172.968783 	 -83.670108 
172.964765 	 -83.669793 
172.964765 	 -83.669793 
172.964765 	 -83.669793 
172.960762 	 -83.669477 
172.960762 	 -83.669477 
172.960762 	 -83.669477 
172.960762 	 -83.669477 
172.956760 	 -83.669163 
172.956760 	 -83.669163 
172.956760 	 -83.669163 
172.952770 	 -83.668850 
172.952770 	 -83.668850 
172.952770 	 -83.668850 
172.948797 	 -83.668537 
172.948797 	 -83.668537 
172.948797 	 -83.668537 
172.948797 	 -83.668537 
172.944832 	 -83.668223 
172.944832 	 -83.668223 
172.944832 	 -83.668223 
172.940868 	 -83.667912 
172.940868 	 -83.667912 
172.940868 	 -83.667912 
172.936903 	 -83.667602 
172.936903 	 -83.667602 
172.936903 	 -83.667602 
172.936903 	 -83.667602 
172.932933 	 -83.667295 
172.932933 	 -83.667295 
172.932933 	 -83.667295 
172.928952 	 -83.666990 
172.928952 	 -83.666990 
172.928952 	 -83.666990 
172.924952 	 -83.666688 
172.924952 	 -83.666688 
172.924952 	 -83.666688 
172.924952 	 -83.666688 
172.920943 	 -83.666388 
172.920943 	 -83.666388 
172.920943 	 -83.666388 
172.916928 	 -83.666090 
172.916928 	 -83.666090 
172.916928 	 -83.666090 
172.916928 	 -83.666090 
172.912905 	 -83.665792 
172.912905 	 -83.665792 
172.912905 	 -83.665792 
172.908865 	 -83.665495 
172.908865 	 -83.665495 
172.908865 	 -83.665495 
172.904820 	 -83.665200 
172.904820 	 -83.665200 
