Lon	 Lat
172.811560 	 -83.553110 
172.806953 	 -83.553193 
172.806953 	 -83.553193 
172.806953 	 -83.553193 
172.802378 	 -83.553295 
172.802378 	 -83.553295 
172.802378 	 -83.553295 
172.797845 	 -83.553417 
172.797845 	 -83.553417 
172.797845 	 -83.553417 
172.797845 	 -83.553417 
172.793370 	 -83.553560 
172.793370 	 -83.553560 
172.793370 	 -83.553560 
172.788952 	 -83.553728 
172.788952 	 -83.553728 
172.788952 	 -83.553728 
172.788952 	 -83.553728 
172.784600 	 -83.553918 
172.784600 	 -83.553918 
172.784600 	 -83.553918 
172.780337 	 -83.554132 
172.780337 	 -83.554132 
172.780337 	 -83.554132 
172.776185 	 -83.554372 
172.776185 	 -83.554372 
172.776185 	 -83.554372 
172.776185 	 -83.554372 
172.772163 	 -83.554637 
172.772163 	 -83.554637 
172.772163 	 -83.554637 
172.768278 	 -83.554923 
172.768278 	 -83.554923 
172.768278 	 -83.554923 
172.764525 	 -83.555228 
172.764525 	 -83.555228 
172.764525 	 -83.555228 
172.764525 	 -83.555228 
172.760892 	 -83.555547 
172.760892 	 -83.555547 
172.760892 	 -83.555547 
172.757375 	 -83.555883 
172.757375 	 -83.555883 
172.757375 	 -83.555883 
172.753957 	 -83.556228 
172.753957 	 -83.556228 
172.753957 	 -83.556228 
172.750582 	 -83.556582 
172.750582 	 -83.556582 
172.750582 	 -83.556582 
172.750582 	 -83.556582 
172.747212 	 -83.556933 
172.747212 	 -83.556933 
172.747212 	 -83.556933 
172.743823 	 -83.557283 
172.743823 	 -83.557283 
172.743823 	 -83.557283 
172.740412 	 -83.557630 
172.740412 	 -83.557630 
172.740412 	 -83.557630 
172.740412 	 -83.557630 
172.736897 	 -83.557972 
172.736897 	 -83.557972 
172.736897 	 -83.557972 
172.733340 	 -83.558308 
172.733340 	 -83.558308 
172.733340 	 -83.558308 
172.729727 	 -83.558642 
172.729727 	 -83.558642 
172.729727 	 -83.558642 
172.729727 	 -83.558642 
172.726080 	 -83.558973 
172.726080 	 -83.558973 
172.726080 	 -83.558973 
172.722420 	 -83.559305 
172.722420 	 -83.559305 
172.722420 	 -83.559305 
172.718758 	 -83.559637 
172.718758 	 -83.559637 
172.718758 	 -83.559637 
172.718758 	 -83.559637 
172.715092 	 -83.559972 
172.715092 	 -83.559972 
172.715092 	 -83.559972 
172.711420 	 -83.560308 
172.711420 	 -83.560308 
172.711420 	 -83.560308 
172.711420 	 -83.560308 
172.707747 	 -83.560645 
172.707747 	 -83.560645 
172.707747 	 -83.560645 
172.704073 	 -83.560982 
172.704073 	 -83.560982 
172.704073 	 -83.560982 
172.700418 	 -83.561318 
172.700418 	 -83.561318 
172.700418 	 -83.561318 
172.700418 	 -83.561318 
172.696773 	 -83.561657 
172.696773 	 -83.561657 
172.696773 	 -83.561657 
172.693130 	 -83.561997 
172.693130 	 -83.561997 
172.693130 	 -83.561997 
172.689480 	 -83.562338 
172.689480 	 -83.562338 
172.689480 	 -83.562338 
172.685818 	 -83.562678 
172.685818 	 -83.562678 
172.685818 	 -83.562678 
172.685818 	 -83.562678 
172.682145 	 -83.563020 
172.682145 	 -83.563020 
172.682145 	 -83.563020 
172.678443 	 -83.563362 
172.678443 	 -83.563362 
172.678443 	 -83.563362 
172.674713 	 -83.563698 
172.674713 	 -83.563698 
172.674713 	 -83.563698 
172.674713 	 -83.563698 
172.670942 	 -83.564033 
172.670942 	 -83.564033 
172.670942 	 -83.564033 
172.667150 	 -83.564368 
172.667150 	 -83.564368 
172.667150 	 -83.564368 
172.663350 	 -83.564702 
172.663350 	 -83.564702 
172.663350 	 -83.564702 
172.663350 	 -83.564702 
172.659552 	 -83.565038 
172.659552 	 -83.565038 
172.659552 	 -83.565038 
172.655752 	 -83.565377 
172.655752 	 -83.565377 
172.655752 	 -83.565377 
172.651937 	 -83.565715 
172.651937 	 -83.565715 
172.651937 	 -83.565715 
172.651937 	 -83.565715 
172.648112 	 -83.566052 
172.648112 	 -83.566052 
172.648112 	 -83.566052 
172.644275 	 -83.566387 
172.644275 	 -83.566387 
172.644275 	 -83.566387 
172.640438 	 -83.566723 
172.640438 	 -83.566723 
172.640438 	 -83.566723 
172.640438 	 -83.566723 
172.636615 	 -83.567058 
172.636615 	 -83.567058 
172.636615 	 -83.567058 
172.632805 	 -83.567395 
172.632805 	 -83.567395 
172.632805 	 -83.567395 
172.632805 	 -83.567395 
172.629003 	 -83.567735 
172.629003 	 -83.567735 
172.629003 	 -83.567735 
172.625208 	 -83.568075 
172.625208 	 -83.568075 
172.625208 	 -83.568075 
172.621427 	 -83.568415 
172.621427 	 -83.568415 
172.621427 	 -83.568415 
172.617642 	 -83.568753 
172.617642 	 -83.568753 
172.617642 	 -83.568753 
172.617642 	 -83.568753 
172.613860 	 -83.569093 
172.613860 	 -83.569093 
172.613860 	 -83.569093 
172.610075 	 -83.569432 
172.610075 	 -83.569432 
172.610075 	 -83.569432 
172.610075 	 -83.569432 
172.606303 	 -83.569770 
172.606303 	 -83.569770 
172.606303 	 -83.569770 
172.602532 	 -83.570108 
172.602532 	 -83.570108 
172.602532 	 -83.570108 
172.598762 	 -83.570443 
172.598762 	 -83.570443 
172.598762 	 -83.570443 
172.594993 	 -83.570780 
172.594993 	 -83.570780 
172.594993 	 -83.570780 
172.594993 	 -83.570780 
172.591232 	 -83.571117 
172.591232 	 -83.571117 
172.591232 	 -83.571117 
172.587467 	 -83.571452 
172.587467 	 -83.571452 
172.587467 	 -83.571452 
172.587467 	 -83.571452 
172.583695 	 -83.571787 
172.583695 	 -83.571787 
172.583695 	 -83.571787 
172.579917 	 -83.572122 
172.579917 	 -83.572122 
172.579917 	 -83.572122 
172.576133 	 -83.572457 
172.576133 	 -83.572457 
172.576133 	 -83.572457 
172.572338 	 -83.572792 
172.572338 	 -83.572792 
172.572338 	 -83.572792 
172.572338 	 -83.572792 
172.568532 	 -83.573127 
172.568532 	 -83.573127 
172.568532 	 -83.573127 
172.564725 	 -83.573460 
172.564725 	 -83.573460 
172.564725 	 -83.573460 
172.560908 	 -83.573797 
172.560908 	 -83.573797 
172.560908 	 -83.573797 
172.560908 	 -83.573797 
172.557092 	 -83.574132 
172.557092 	 -83.574132 
172.557092 	 -83.574132 
172.553277 	 -83.574467 
172.553277 	 -83.574467 
172.553277 	 -83.574467 
172.549460 	 -83.574803 
172.549460 	 -83.574803 
172.549460 	 -83.574803 
172.545645 	 -83.575140 
172.545645 	 -83.575140 
172.545645 	 -83.575140 
172.545645 	 -83.575140 
172.541828 	 -83.575478 
172.541828 	 -83.575478 
172.541828 	 -83.575478 
172.537992 	 -83.575815 
172.537992 	 -83.575815 
172.537992 	 -83.575815 
172.534152 	 -83.576153 
172.534152 	 -83.576153 
172.534152 	 -83.576153 
172.534152 	 -83.576153 
172.530323 	 -83.576490 
172.530323 	 -83.576490 
172.530323 	 -83.576490 
172.526503 	 -83.576827 
172.526503 	 -83.576827 
172.526503 	 -83.576827 
172.522667 	 -83.577165 
172.522667 	 -83.577165 
172.522667 	 -83.577165 
172.522667 	 -83.577165 
172.518872 	 -83.577502 
172.518872 	 -83.577502 
172.518872 	 -83.577502 
172.515075 	 -83.577840 
172.515075 	 -83.577840 
172.515075 	 -83.577840 
172.515075 	 -83.577840 
172.511290 	 -83.578178 
172.511290 	 -83.578178 
172.511290 	 -83.578178 
172.507512 	 -83.578517 
172.507512 	 -83.578517 
172.507512 	 -83.578517 
172.503762 	 -83.578857 
172.503762 	 -83.578857 
172.503762 	 -83.578857 
172.500007 	 -83.579197 
172.500007 	 -83.579197 
172.500007 	 -83.579197 
172.500007 	 -83.579197 
172.496267 	 -83.579537 
172.496267 	 -83.579537 
172.496267 	 -83.579537 
172.492548 	 -83.579878 
172.492548 	 -83.579878 
172.492548 	 -83.579878 
172.488863 	 -83.580217 
172.488863 	 -83.580217 
172.488863 	 -83.580217 
172.488863 	 -83.580217 
172.485207 	 -83.580555 
172.485207 	 -83.580555 
172.485207 	 -83.580555 
172.481572 	 -83.580892 
172.481572 	 -83.580892 
172.481572 	 -83.580892 
172.481572 	 -83.580892 
172.477932 	 -83.581225 
172.477932 	 -83.581225 
172.477932 	 -83.581225 
172.474290 	 -83.581557 
172.474290 	 -83.581557 
172.474290 	 -83.581557 
172.470645 	 -83.581887 
172.470645 	 -83.581887 
172.470645 	 -83.581887 
172.466998 	 -83.582215 
172.466998 	 -83.582215 
172.466998 	 -83.582215 
172.463345 	 -83.582542 
172.463345 	 -83.582542 
172.463345 	 -83.582542 
172.463345 	 -83.582542 
172.459667 	 -83.582865 
172.459667 	 -83.582865 
172.459667 	 -83.582865 
172.455978 	 -83.583188 
172.455978 	 -83.583188 
172.455978 	 -83.583188 
172.455978 	 -83.583188 
172.452293 	 -83.583513 
172.452293 	 -83.583513 
172.452293 	 -83.583513 
172.448617 	 -83.583840 
172.448617 	 -83.583840 
172.448617 	 -83.583840 
172.444962 	 -83.584170 
172.444962 	 -83.584170 
172.444962 	 -83.584170 
172.441328 	 -83.584503 
172.441328 	 -83.584503 
172.441328 	 -83.584503 
172.441328 	 -83.584503 
172.437717 	 -83.584840 
172.437717 	 -83.584840 
172.437717 	 -83.584840 
172.434110 	 -83.585178 
172.434110 	 -83.585178 
172.434110 	 -83.585178 
172.430505 	 -83.585517 
172.430505 	 -83.585517 
172.430505 	 -83.585517 
172.430505 	 -83.585517 
172.426895 	 -83.585855 
172.426895 	 -83.585855 
172.426895 	 -83.585855 
172.423298 	 -83.586195 
172.423298 	 -83.586195 
172.423298 	 -83.586195 
172.419713 	 -83.586535 
172.419713 	 -83.586535 
172.419713 	 -83.586535 
172.416127 	 -83.586875 
172.416127 	 -83.586875 
172.416127 	 -83.586875 
172.416127 	 -83.586875 
172.412548 	 -83.587218 
172.412548 	 -83.587218 
172.412548 	 -83.587218 
172.408973 	 -83.587560 
172.408973 	 -83.587560 
172.408973 	 -83.587560 
172.405387 	 -83.587900 
172.405387 	 -83.587900 
172.405387 	 -83.587900 
172.405387 	 -83.587900 
172.401802 	 -83.588240 
172.401802 	 -83.588240 
172.401802 	 -83.588240 
172.398197 	 -83.588578 
172.398197 	 -83.588578 
172.398197 	 -83.588578 
172.394575 	 -83.588917 
172.394575 	 -83.588917 
172.394575 	 -83.588917 
172.394575 	 -83.588917 
172.390942 	 -83.589255 
172.390942 	 -83.589255 
172.390942 	 -83.589255 
172.387290 	 -83.589592 
172.387290 	 -83.589592 
172.387290 	 -83.589592 
172.383613 	 -83.589928 
172.383613 	 -83.589928 
172.383613 	 -83.589928 
172.383613 	 -83.589928 
172.379920 	 -83.590263 
172.379920 	 -83.590263 
172.379920 	 -83.590263 
172.376212 	 -83.590598 
172.376212 	 -83.590598 
172.376212 	 -83.590598 
172.372495 	 -83.590935 
172.372495 	 -83.590935 
172.372495 	 -83.590935 
172.372495 	 -83.590935 
172.368772 	 -83.591272 
172.368772 	 -83.591272 
172.368772 	 -83.591272 
172.365042 	 -83.591610 
172.365042 	 -83.591610 
172.365042 	 -83.591610 
172.361315 	 -83.591948 
172.361315 	 -83.591948 
172.361315 	 -83.591948 
172.357583 	 -83.592287 
172.357583 	 -83.592287 
172.357583 	 -83.592287 
172.357583 	 -83.592287 
172.353853 	 -83.592625 
172.353853 	 -83.592625 
172.353853 	 -83.592625 
172.350122 	 -83.592965 
172.350122 	 -83.592965 
172.350122 	 -83.592965 
172.350122 	 -83.592965 
172.346403 	 -83.593307 
172.346403 	 -83.593307 
172.346403 	 -83.593307 
172.342695 	 -83.593648 
172.342695 	 -83.593648 
172.342695 	 -83.593648 
172.338995 	 -83.593992 
172.338995 	 -83.593992 
172.338995 	 -83.593992 
172.338995 	 -83.593992 
172.335303 	 -83.594337 
172.335303 	 -83.594337 
172.335303 	 -83.594337 
172.331615 	 -83.594682 
172.331615 	 -83.594682 
172.331615 	 -83.594682 
172.327920 	 -83.595028 
172.327920 	 -83.595028 
172.327920 	 -83.595028 
172.327920 	 -83.595028 
172.324243 	 -83.595375 
172.324243 	 -83.595375 
172.324243 	 -83.595375 
172.320552 	 -83.595720 
172.320552 	 -83.595720 
172.320552 	 -83.595720 
172.316872 	 -83.596067 
172.316872 	 -83.596067 
172.316872 	 -83.596067 
172.316872 	 -83.596067 
172.313195 	 -83.596412 
172.313195 	 -83.596412 
172.313195 	 -83.596412 
172.309517 	 -83.596758 
172.309517 	 -83.596758 
172.309517 	 -83.596758 
172.305850 	 -83.597107 
172.305850 	 -83.597107 
172.305850 	 -83.597107 
172.302180 	 -83.597455 
172.302180 	 -83.597455 
172.302180 	 -83.597455 
172.302180 	 -83.597455 
172.298500 	 -83.597803 
172.298500 	 -83.597803 
172.298500 	 -83.597803 
172.294817 	 -83.598150 
172.294817 	 -83.598150 
172.294817 	 -83.598150 
172.291108 	 -83.598497 
172.291108 	 -83.598497 
172.291108 	 -83.598497 
172.291108 	 -83.598497 
172.287375 	 -83.598840 
172.287375 	 -83.598840 
172.287375 	 -83.598840 
172.283625 	 -83.599183 
172.283625 	 -83.599183 
172.283625 	 -83.599183 
172.279867 	 -83.599527 
172.279867 	 -83.599527 
172.279867 	 -83.599527 
172.279867 	 -83.599527 
172.276100 	 -83.599868 
172.276100 	 -83.599868 
172.276100 	 -83.599868 
172.272330 	 -83.600210 
172.272330 	 -83.600210 
172.272330 	 -83.600210 
172.268555 	 -83.600550 
172.268555 	 -83.600550 
172.268555 	 -83.600550 
172.268555 	 -83.600550 
172.264777 	 -83.600890 
172.264777 	 -83.600890 
172.264777 	 -83.600890 
172.260995 	 -83.601228 
172.260995 	 -83.601228 
172.260995 	 -83.601228 
172.257213 	 -83.601567 
172.257213 	 -83.601567 
172.257213 	 -83.601567 
172.257213 	 -83.601567 
172.253425 	 -83.601902 
172.253425 	 -83.601902 
172.253425 	 -83.601902 
172.249638 	 -83.602237 
172.249638 	 -83.602237 
172.249638 	 -83.602237 
172.245848 	 -83.602570 
172.245848 	 -83.602570 
172.245848 	 -83.602570 
172.245848 	 -83.602570 
172.242048 	 -83.602902 
172.242048 	 -83.602902 
172.242048 	 -83.602902 
172.238233 	 -83.603233 
172.238233 	 -83.603233 
172.238233 	 -83.603233 
172.234412 	 -83.603562 
172.234412 	 -83.603562 
172.234412 	 -83.603562 
172.234412 	 -83.603562 
172.230578 	 -83.603888 
172.230578 	 -83.603888 
172.230578 	 -83.603888 
172.226735 	 -83.604210 
172.226735 	 -83.604210 
172.226735 	 -83.604210 
172.222880 	 -83.604530 
172.222880 	 -83.604530 
172.222880 	 -83.604530 
172.222880 	 -83.604530 
172.219030 	 -83.604850 
172.219030 	 -83.604850 
172.219030 	 -83.604850 
172.215172 	 -83.605168 
172.215172 	 -83.605168 
172.215172 	 -83.605168 
172.215172 	 -83.605168 
172.211300 	 -83.605487 
172.211300 	 -83.605487 
172.211300 	 -83.605487 
172.207415 	 -83.605805 
172.207415 	 -83.605805 
172.207415 	 -83.605805 
172.203517 	 -83.606122 
172.203517 	 -83.606122 
172.203517 	 -83.606122 
172.203517 	 -83.606122 
172.199602 	 -83.606440 
172.199602 	 -83.606440 
172.199602 	 -83.606440 
172.195678 	 -83.606758 
172.195678 	 -83.606758 
172.195678 	 -83.606758 
172.191750 	 -83.607077 
172.191750 	 -83.607077 
172.191750 	 -83.607077 
172.191750 	 -83.607077 
172.187818 	 -83.607395 
172.187818 	 -83.607395 
172.187818 	 -83.607395 
172.183883 	 -83.607712 
172.183883 	 -83.607712 
172.183883 	 -83.607712 
172.179962 	 -83.608030 
172.179962 	 -83.608030 
172.179962 	 -83.608030 
172.176068 	 -83.608353 
172.176068 	 -83.608353 
172.176068 	 -83.608353 
172.176068 	 -83.608353 
172.172195 	 -83.608678 
172.172195 	 -83.608678 
172.172195 	 -83.608678 
172.168325 	 -83.609005 
172.168325 	 -83.609005 
172.168325 	 -83.609005 
172.164453 	 -83.609330 
172.164453 	 -83.609330 
172.164453 	 -83.609330 
172.164453 	 -83.609330 
172.160580 	 -83.609655 
172.160580 	 -83.609655 
172.160580 	 -83.609655 
172.156713 	 -83.609982 
172.156713 	 -83.609982 
172.156713 	 -83.609982 
172.152852 	 -83.610310 
172.152852 	 -83.610310 
172.152852 	 -83.610310 
172.152852 	 -83.610310 
172.149000 	 -83.610638 
172.149000 	 -83.610638 
172.149000 	 -83.610638 
172.145160 	 -83.610968 
172.145160 	 -83.610968 
172.145160 	 -83.610968 
172.141335 	 -83.611302 
172.141335 	 -83.611302 
172.141335 	 -83.611302 
172.141335 	 -83.611302 
172.137523 	 -83.611635 
172.137523 	 -83.611635 
172.137523 	 -83.611635 
172.133710 	 -83.611968 
172.133710 	 -83.611968 
172.133710 	 -83.611968 
172.133710 	 -83.611968 
172.129902 	 -83.612302 
172.129902 	 -83.612302 
172.129902 	 -83.612302 
172.126092 	 -83.612635 
172.126092 	 -83.612635 
172.126092 	 -83.612635 
172.122288 	 -83.612970 
172.122288 	 -83.612970 
172.122288 	 -83.612970 
172.118485 	 -83.613305 
172.118485 	 -83.613305 
172.118485 	 -83.613305 
172.118485 	 -83.613305 
172.114687 	 -83.613642 
172.114687 	 -83.613642 
172.114687 	 -83.613642 
172.110887 	 -83.613977 
172.110887 	 -83.613977 
172.110887 	 -83.613977 
172.110887 	 -83.613977 
172.107085 	 -83.614312 
172.107085 	 -83.614312 
172.107085 	 -83.614312 
172.103290 	 -83.614647 
172.103290 	 -83.614647 
172.103290 	 -83.614647 
172.099495 	 -83.614980 
172.099495 	 -83.614980 
172.099495 	 -83.614980 
172.099495 	 -83.614980 
172.095710 	 -83.615315 
172.095710 	 -83.615315 
172.095710 	 -83.615315 
172.091930 	 -83.615648 
172.091930 	 -83.615648 
172.091930 	 -83.615648 
172.088158 	 -83.615983 
172.088158 	 -83.615983 
172.088158 	 -83.615983 
172.088158 	 -83.615983 
172.084355 	 -83.616318 
172.084355 	 -83.616318 
172.084355 	 -83.616318 
172.080527 	 -83.616655 
172.080527 	 -83.616655 
172.080527 	 -83.616655 
172.076705 	 -83.616992 
172.076705 	 -83.616992 
172.076705 	 -83.616992 
172.076705 	 -83.616992 
172.072880 	 -83.617330 
172.072880 	 -83.617330 
172.072880 	 -83.617330 
172.069057 	 -83.617670 
172.069057 	 -83.617670 
172.069057 	 -83.617670 
172.065232 	 -83.618010 
172.065232 	 -83.618010 
172.065232 	 -83.618010 
172.065232 	 -83.618010 
172.061408 	 -83.618348 
172.061408 	 -83.618348 
172.061408 	 -83.618348 
172.057583 	 -83.618687 
172.057583 	 -83.618687 
172.057583 	 -83.618687 
172.057583 	 -83.618687 
172.053757 	 -83.619023 
172.053757 	 -83.619023 
172.053757 	 -83.619023 
172.049927 	 -83.619360 
172.049927 	 -83.619360 
172.049927 	 -83.619360 
172.046090 	 -83.619695 
172.046090 	 -83.619695 
172.046090 	 -83.619695 
172.042257 	 -83.620030 
172.042257 	 -83.620030 
172.042257 	 -83.620030 
172.042257 	 -83.620030 
172.038425 	 -83.620363 
172.038425 	 -83.620363 
172.038425 	 -83.620363 
172.034593 	 -83.620697 
172.034593 	 -83.620697 
172.034593 	 -83.620697 
172.030762 	 -83.621030 
172.030762 	 -83.621030 
172.030762 	 -83.621030 
172.026923 	 -83.621362 
172.026923 	 -83.621362 
172.026923 	 -83.621362 
172.026923 	 -83.621362 
172.023082 	 -83.621695 
172.023082 	 -83.621695 
172.023082 	 -83.621695 
172.019242 	 -83.622027 
172.019242 	 -83.622027 
172.019242 	 -83.622027 
172.015402 	 -83.622358 
172.015402 	 -83.622358 
172.015402 	 -83.622358 
172.015402 	 -83.622358 
172.011560 	 -83.622690 
172.011560 	 -83.622690 
172.011560 	 -83.622690 
172.007720 	 -83.623022 
172.007720 	 -83.623022 
172.007720 	 -83.623022 
172.003877 	 -83.623355 
172.003877 	 -83.623355 
172.003877 	 -83.623355 
172.000042 	 -83.623687 
172.000042 	 -83.623687 
172.000042 	 -83.623687 
172.000042 	 -83.623687 
171.996212 	 -83.624018 
171.996212 	 -83.624018 
171.996212 	 -83.624018 
171.992388 	 -83.624348 
171.992388 	 -83.624348 
171.992388 	 -83.624348 
171.992388 	 -83.624348 
171.988568 	 -83.624675 
171.988568 	 -83.624675 
171.988568 	 -83.624675 
171.984763 	 -83.624998 
171.984763 	 -83.624998 
171.984763 	 -83.624998 
171.980952 	 -83.625320 
171.980952 	 -83.625320 
171.980952 	 -83.625320 
171.980952 	 -83.625320 
171.977130 	 -83.625640 
171.977130 	 -83.625640 
171.977130 	 -83.625640 
171.973297 	 -83.625960 
171.973297 	 -83.625960 
171.973297 	 -83.625960 
171.969450 	 -83.626280 
171.969450 	 -83.626280 
171.969450 	 -83.626280 
171.969450 	 -83.626280 
171.965590 	 -83.626602 
171.965590 	 -83.626602 
171.965590 	 -83.626602 
171.961708 	 -83.626923 
171.961708 	 -83.626923 
171.961708 	 -83.626923 
171.957805 	 -83.627247 
171.957805 	 -83.627247 
171.957805 	 -83.627247 
171.957805 	 -83.627247 
171.953880 	 -83.627570 
171.953880 	 -83.627570 
171.953880 	 -83.627570 
171.949947 	 -83.627895 
171.949947 	 -83.627895 
171.949947 	 -83.627895 
171.946018 	 -83.628223 
171.946018 	 -83.628223 
171.946018 	 -83.628223 
171.946018 	 -83.628223 
171.942080 	 -83.628553 
171.942080 	 -83.628553 
171.942080 	 -83.628553 
171.938130 	 -83.628885 
171.938130 	 -83.628885 
171.938130 	 -83.628885 
171.934177 	 -83.629217 
171.934177 	 -83.629217 
171.934177 	 -83.629217 
171.934177 	 -83.629217 
171.930230 	 -83.629548 
171.930230 	 -83.629548 
171.930230 	 -83.629548 
171.926302 	 -83.629878 
171.926302 	 -83.629878 
171.926302 	 -83.629878 
171.926302 	 -83.629878 
171.922395 	 -83.630207 
171.922395 	 -83.630207 
171.922395 	 -83.630207 
171.918498 	 -83.630532 
171.918498 	 -83.630532 
171.918498 	 -83.630532 
171.914625 	 -83.630855 
171.914625 	 -83.630855 
171.914625 	 -83.630855 
171.914625 	 -83.630855 
171.910768 	 -83.631177 
171.910768 	 -83.631177 
171.910768 	 -83.631177 
171.906922 	 -83.631497 
171.906922 	 -83.631497 
171.906922 	 -83.631497 
171.903088 	 -83.631817 
171.903088 	 -83.631817 
171.903088 	 -83.631817 
171.899260 	 -83.632137 
171.899260 	 -83.632137 
171.899260 	 -83.632137 
171.899260 	 -83.632137 
171.895438 	 -83.632457 
171.895438 	 -83.632457 
171.895438 	 -83.632457 
171.891620 	 -83.632780 
171.891620 	 -83.632780 
171.891620 	 -83.632780 
171.887803 	 -83.633103 
171.887803 	 -83.633103 
171.887803 	 -83.633103 
171.883983 	 -83.633430 
171.883983 	 -83.633430 
171.883983 	 -83.633430 
171.883983 	 -83.633430 
171.880153 	 -83.633758 
171.880153 	 -83.633758 
171.880153 	 -83.633758 
171.876320 	 -83.634090 
171.876320 	 -83.634090 
171.876320 	 -83.634090 
171.872490 	 -83.634422 
171.872490 	 -83.634422 
171.872490 	 -83.634422 
171.872490 	 -83.634422 
171.868663 	 -83.634755 
171.868663 	 -83.634755 
171.868663 	 -83.634755 
171.864837 	 -83.635090 
171.864837 	 -83.635090 
171.864837 	 -83.635090 
171.864837 	 -83.635090 
171.861000 	 -83.635425 
171.861000 	 -83.635425 
171.861000 	 -83.635425 
171.857145 	 -83.635760 
171.857145 	 -83.635760 
171.857145 	 -83.635760 
171.853285 	 -83.636095 
171.853285 	 -83.636095 
171.853285 	 -83.636095 
171.853285 	 -83.636095 
171.849413 	 -83.636430 
171.849413 	 -83.636430 
171.849413 	 -83.636430 
171.845532 	 -83.636767 
171.845532 	 -83.636767 
171.845532 	 -83.636767 
171.841645 	 -83.637102 
171.841645 	 -83.637102 
171.841645 	 -83.637102 
171.841645 	 -83.637102 
171.837742 	 -83.637440 
171.837742 	 -83.637440 
171.837742 	 -83.637440 
171.833842 	 -83.637778 
171.833842 	 -83.637778 
171.833842 	 -83.637778 
171.829942 	 -83.638118 
171.829942 	 -83.638118 
171.829942 	 -83.638118 
171.826052 	 -83.638458 
171.826052 	 -83.638458 
171.826052 	 -83.638458 
171.826052 	 -83.638458 
171.822170 	 -83.638795 
171.822170 	 -83.638795 
171.822170 	 -83.638795 
171.818313 	 -83.639132 
171.818313 	 -83.639132 
171.818313 	 -83.639132 
171.814475 	 -83.639465 
171.814475 	 -83.639465 
171.814475 	 -83.639465 
171.814475 	 -83.639465 
171.810652 	 -83.639797 
171.810652 	 -83.639797 
171.810652 	 -83.639797 
171.806838 	 -83.640127 
171.806838 	 -83.640127 
171.806838 	 -83.640127 
171.806838 	 -83.640127 
171.803040 	 -83.640453 
171.803040 	 -83.640453 
171.803040 	 -83.640453 
171.799258 	 -83.640782 
171.799258 	 -83.640782 
171.799258 	 -83.640782 
171.795492 	 -83.641108 
171.795492 	 -83.641108 
171.795492 	 -83.641108 
171.791748 	 -83.641438 
171.791748 	 -83.641438 
171.791748 	 -83.641438 
171.791748 	 -83.641438 
171.788000 	 -83.641767 
171.788000 	 -83.641767 
171.788000 	 -83.641767 
171.784267 	 -83.642097 
171.784267 	 -83.642097 
171.784267 	 -83.642097 
171.780560 	 -83.642428 
171.780560 	 -83.642428 
171.780560 	 -83.642428 
171.780560 	 -83.642428 
171.776812 	 -83.642760 
171.776812 	 -83.642760 
171.776812 	 -83.642760 
171.773077 	 -83.643093 
171.773077 	 -83.643093 
171.773077 	 -83.643093 
171.769328 	 -83.643427 
171.769328 	 -83.643427 
171.769328 	 -83.643427 
171.765575 	 -83.643763 
171.765575 	 -83.643763 
171.765575 	 -83.643763 
171.765575 	 -83.643763 
171.761837 	 -83.644102 
171.761837 	 -83.644102 
171.761837 	 -83.644102 
171.758093 	 -83.644442 
171.758093 	 -83.644442 
171.758093 	 -83.644442 
171.754347 	 -83.644782 
171.754347 	 -83.644782 
171.754347 	 -83.644782 
171.754347 	 -83.644782 
171.750587 	 -83.645123 
171.750587 	 -83.645123 
171.750587 	 -83.645123 
171.746823 	 -83.645463 
171.746823 	 -83.645463 
171.746823 	 -83.645463 
171.743048 	 -83.645805 
171.743048 	 -83.645805 
171.743048 	 -83.645805 
171.743048 	 -83.645805 
171.739282 	 -83.646147 
171.739282 	 -83.646147 
171.739282 	 -83.646147 
171.735517 	 -83.646490 
171.735517 	 -83.646490 
171.735517 	 -83.646490 
171.735517 	 -83.646490 
171.731763 	 -83.646835 
171.731763 	 -83.646835 
171.731763 	 -83.646835 
171.728013 	 -83.647182 
171.728013 	 -83.647182 
171.728013 	 -83.647182 
171.724263 	 -83.647528 
171.724263 	 -83.647528 
171.724263 	 -83.647528 
171.724263 	 -83.647528 
171.720503 	 -83.647875 
171.720503 	 -83.647875 
171.720503 	 -83.647875 
171.716718 	 -83.648220 
171.716718 	 -83.648220 
171.716718 	 -83.648220 
171.712937 	 -83.648567 
171.712937 	 -83.648567 
171.712937 	 -83.648567 
171.712937 	 -83.648567 
171.709155 	 -83.648913 
171.709155 	 -83.648913 
171.709155 	 -83.648913 
171.705373 	 -83.649260 
171.705373 	 -83.649260 
171.705373 	 -83.649260 
171.701587 	 -83.649603 
171.701587 	 -83.649603 
171.701587 	 -83.649603 
171.701587 	 -83.649603 
171.697778 	 -83.649948 
171.697778 	 -83.649948 
171.697778 	 -83.649948 
171.693968 	 -83.650288 
171.693968 	 -83.650288 
171.693968 	 -83.650288 
171.690143 	 -83.650628 
171.690143 	 -83.650628 
171.690143 	 -83.650628 
171.690143 	 -83.650628 
171.686307 	 -83.650967 
171.686307 	 -83.650967 
171.686307 	 -83.650967 
171.682465 	 -83.651303 
171.682465 	 -83.651303 
171.682465 	 -83.651303 
171.678607 	 -83.651638 
171.678607 	 -83.651638 
171.678607 	 -83.651638 
171.678607 	 -83.651638 
171.674737 	 -83.651972 
171.674737 	 -83.651972 
171.674737 	 -83.651972 
171.670843 	 -83.652307 
171.670843 	 -83.652307 
171.670843 	 -83.652307 
171.670843 	 -83.652307 
171.666963 	 -83.652638 
171.666963 	 -83.652638 
171.666963 	 -83.652638 
171.663095 	 -83.652970 
171.663095 	 -83.652970 
171.663095 	 -83.652970 
171.659243 	 -83.653300 
171.659243 	 -83.653300 
171.659243 	 -83.653300 
171.655412 	 -83.653628 
171.655412 	 -83.653628 
171.655412 	 -83.653628 
171.655412 	 -83.653628 
171.651600 	 -83.653955 
171.651600 	 -83.653955 
171.651600 	 -83.653955 
171.647813 	 -83.654280 
171.647813 	 -83.654280 
171.647813 	 -83.654280 
171.647813 	 -83.654280 
171.644050 	 -83.654603 
171.644050 	 -83.654603 
171.644050 	 -83.654603 
171.640315 	 -83.654928 
171.640315 	 -83.654928 
171.640315 	 -83.654928 
171.636602 	 -83.655252 
171.636602 	 -83.655252 
171.636602 	 -83.655252 
171.632910 	 -83.655578 
171.632910 	 -83.655578 
171.632910 	 -83.655578 
171.629235 	 -83.655905 
171.629235 	 -83.655905 
171.629235 	 -83.655905 
171.629235 	 -83.655905 
171.625577 	 -83.656230 
171.625577 	 -83.656230 
171.625577 	 -83.656230 
171.621923 	 -83.656558 
171.621923 	 -83.656558 
171.621923 	 -83.656558 
171.618277 	 -83.656885 
171.618277 	 -83.656885 
171.618277 	 -83.656885 
171.618277 	 -83.656885 
171.614637 	 -83.657212 
171.614637 	 -83.657212 
171.614637 	 -83.657212 
171.610992 	 -83.657540 
171.610992 	 -83.657540 
171.610992 	 -83.657540 
171.607327 	 -83.657870 
171.607327 	 -83.657870 
171.607327 	 -83.657870 
171.607327 	 -83.657870 
171.603632 	 -83.658202 
171.603632 	 -83.658202 
171.603632 	 -83.658202 
171.599933 	 -83.658537 
171.599933 	 -83.658537 
171.599933 	 -83.658537 
171.596203 	 -83.658873 
171.596203 	 -83.658873 
171.596203 	 -83.658873 
171.596203 	 -83.658873 
171.592455 	 -83.659210 
171.592455 	 -83.659210 
171.592455 	 -83.659210 
171.588690 	 -83.659550 
171.588690 	 -83.659550 
171.588690 	 -83.659550 
171.588690 	 -83.659550 
171.584900 	 -83.659888 
171.584900 	 -83.659888 
171.584900 	 -83.659888 
171.581092 	 -83.660225 
171.581092 	 -83.660225 
171.581092 	 -83.660225 
171.577268 	 -83.660563 
171.577268 	 -83.660563 
171.577268 	 -83.660563 
171.577268 	 -83.660563 
171.573427 	 -83.660900 
171.573427 	 -83.660900 
171.573427 	 -83.660900 
171.569570 	 -83.661237 
171.569570 	 -83.661237 
171.569570 	 -83.661237 
171.565688 	 -83.661573 
171.565688 	 -83.661573 
171.565688 	 -83.661573 
171.565688 	 -83.661573 
171.561797 	 -83.661908 
171.561797 	 -83.661908 
171.561797 	 -83.661908 
171.557888 	 -83.662243 
171.557888 	 -83.662243 
171.557888 	 -83.662243 
171.553965 	 -83.662578 
171.553965 	 -83.662578 
171.553965 	 -83.662578 
171.553965 	 -83.662578 
171.550030 	 -83.662913 
171.550030 	 -83.662913 
171.550030 	 -83.662913 
171.546087 	 -83.663250 
171.546087 	 -83.663250 
171.546087 	 -83.663250 
171.542115 	 -83.663587 
171.542115 	 -83.663587 
171.542115 	 -83.663587 
171.542115 	 -83.663587 
171.538120 	 -83.663922 
171.538120 	 -83.663922 
171.538120 	 -83.663922 
171.534103 	 -83.664257 
171.534103 	 -83.664257 
171.534103 	 -83.664257 
171.530070 	 -83.664592 
171.530070 	 -83.664592 
171.530070 	 -83.664592 
171.526020 	 -83.664925 
171.526020 	 -83.664925 
171.526020 	 -83.664925 
171.526020 	 -83.664925 
171.521948 	 -83.665255 
171.521948 	 -83.665255 
171.521948 	 -83.665255 
171.517868 	 -83.665587 
171.517868 	 -83.665587 
171.517868 	 -83.665587 
171.513790 	 -83.665918 
171.513790 	 -83.665918 
171.513790 	 -83.665918 
171.513790 	 -83.665918 
171.509715 	 -83.666252 
171.509715 	 -83.666252 
171.509715 	 -83.666252 
171.505670 	 -83.666588 
171.505670 	 -83.666588 
171.505670 	 -83.666588 
171.501637 	 -83.666925 
171.501637 	 -83.666925 
171.501637 	 -83.666925 
171.501637 	 -83.666925 
171.497583 	 -83.667260 
171.497583 	 -83.667260 
171.497583 	 -83.667260 
171.493535 	 -83.667598 
171.493535 	 -83.667598 
171.493535 	 -83.667598 
171.489488 	 -83.667937 
171.489488 	 -83.667937 
171.489488 	 -83.667937 
171.489488 	 -83.667937 
171.485438 	 -83.668273 
171.485438 	 -83.668273 
171.485438 	 -83.668273 
171.481392 	 -83.668608 
171.481392 	 -83.668608 
171.481392 	 -83.668608 
171.477358 	 -83.668947 
171.477358 	 -83.668947 
171.477358 	 -83.668947 
171.477358 	 -83.668947 
171.473335 	 -83.669285 
171.473335 	 -83.669285 
171.473335 	 -83.669285 
171.469313 	 -83.669625 
171.469313 	 -83.669625 
171.469313 	 -83.669625 
171.465287 	 -83.669965 
171.465287 	 -83.669965 
171.465287 	 -83.669965 
171.465287 	 -83.669965 
171.461260 	 -83.670305 
171.461260 	 -83.670305 
171.461260 	 -83.670305 
171.457240 	 -83.670645 
171.457240 	 -83.670645 
171.457240 	 -83.670645 
171.453223 	 -83.670985 
171.453223 	 -83.670985 
171.453223 	 -83.670985 
171.453223 	 -83.670985 
171.449207 	 -83.671322 
171.449207 	 -83.671322 
171.449207 	 -83.671322 
171.445192 	 -83.671660 
171.445192 	 -83.671660 
171.445192 	 -83.671660 
171.441180 	 -83.671997 
171.441180 	 -83.671997 
171.441180 	 -83.671997 
171.441180 	 -83.671997 
171.437172 	 -83.672335 
171.437172 	 -83.672335 
171.437172 	 -83.672335 
171.433177 	 -83.672673 
171.433177 	 -83.672673 
171.433177 	 -83.672673 
171.429213 	 -83.673017 
171.429213 	 -83.673017 
171.429213 	 -83.673017 
171.429213 	 -83.673017 
171.425272 	 -83.673362 
171.425272 	 -83.673362 
171.425272 	 -83.673362 
171.421342 	 -83.673710 
171.421342 	 -83.673710 
171.421342 	 -83.673710 
171.417413 	 -83.674058 
171.417413 	 -83.674058 
171.417413 	 -83.674058 
171.413503 	 -83.674407 
171.413503 	 -83.674407 
171.413503 	 -83.674407 
171.413503 	 -83.674407 
171.409603 	 -83.674753 
171.409603 	 -83.674753 
171.409603 	 -83.674753 
171.405718 	 -83.675098 
171.405718 	 -83.675098 
171.405718 	 -83.675098 
171.405718 	 -83.675098 
171.401852 	 -83.675440 
171.401852 	 -83.675440 
171.401852 	 -83.675440 
171.397985 	 -83.675778 
171.397985 	 -83.675778 
171.397985 	 -83.675778 
171.394138 	 -83.676117 
171.394138 	 -83.676117 
171.394138 	 -83.676117 
171.394138 	 -83.676117 
171.390300 	 -83.676455 
171.390300 	 -83.676455 
171.390300 	 -83.676455 
171.386468 	 -83.676793 
171.386468 	 -83.676793 
171.386468 	 -83.676793 
171.382633 	 -83.677130 
171.382633 	 -83.677130 
171.382633 	 -83.677130 
171.382633 	 -83.677130 
171.378797 	 -83.677467 
171.378797 	 -83.677467 
171.378797 	 -83.677467 
171.374950 	 -83.677802 
171.374950 	 -83.677802 
171.374950 	 -83.677802 
171.371085 	 -83.678132 
171.371085 	 -83.678132 
171.371085 	 -83.678132 
171.367213 	 -83.678462 
171.367213 	 -83.678462 
171.367213 	 -83.678462 
171.367213 	 -83.678462 
171.363343 	 -83.678790 
171.363343 	 -83.678790 
171.363343 	 -83.678790 
171.359458 	 -83.679118 
171.359458 	 -83.679118 
171.359458 	 -83.679118 
171.355573 	 -83.679447 
171.355573 	 -83.679447 
171.355573 	 -83.679447 
171.355573 	 -83.679447 
171.351675 	 -83.679773 
171.351675 	 -83.679773 
171.351675 	 -83.679773 
171.347758 	 -83.680100 
171.347758 	 -83.680100 
171.347758 	 -83.680100 
171.343818 	 -83.680422 
171.343818 	 -83.680422 
171.343818 	 -83.680422 
171.343818 	 -83.680422 
171.339858 	 -83.680740 
171.339858 	 -83.680740 
171.339858 	 -83.680740 
171.335878 	 -83.681053 
171.335878 	 -83.681053 
171.335878 	 -83.681053 
171.335878 	 -83.681053 
171.331900 	 -83.681365 
171.331900 	 -83.681365 
171.331900 	 -83.681365 
171.327920 	 -83.681677 
171.327920 	 -83.681677 
171.327920 	 -83.681677 
171.323958 	 -83.681988 
171.323958 	 -83.681988 
171.323958 	 -83.681988 
171.320025 	 -83.682303 
171.320025 	 -83.682303 
171.320025 	 -83.682303 
171.320025 	 -83.682303 
171.316113 	 -83.682625 
171.316113 	 -83.682625 
171.316113 	 -83.682625 
171.312242 	 -83.682950 
171.312242 	 -83.682950 
171.312242 	 -83.682950 
171.308417 	 -83.683280 
171.308417 	 -83.683280 
171.308417 	 -83.683280 
171.308417 	 -83.683280 
171.304628 	 -83.683615 
171.304628 	 -83.683615 
171.304628 	 -83.683615 
171.300867 	 -83.683955 
171.300867 	 -83.683955 
171.300867 	 -83.683955 
171.297103 	 -83.684297 
171.297103 	 -83.684297 
171.297103 	 -83.684297 
171.293313 	 -83.684638 
171.293313 	 -83.684638 
171.293313 	 -83.684638 
171.293313 	 -83.684638 
171.289482 	 -83.684982 
171.289482 	 -83.684982 
171.289482 	 -83.684982 
171.285617 	 -83.685325 
171.285617 	 -83.685325 
171.285617 	 -83.685325 
171.281717 	 -83.685670 
171.281717 	 -83.685670 
171.281717 	 -83.685670 
171.281717 	 -83.685670 
171.277787 	 -83.686015 
171.277787 	 -83.686015 
171.277787 	 -83.686015 
171.273830 	 -83.686360 
171.273830 	 -83.686360 
171.273830 	 -83.686360 
171.269832 	 -83.686702 
171.269832 	 -83.686702 
171.269832 	 -83.686702 
171.269832 	 -83.686702 
171.265822 	 -83.687045 
171.265822 	 -83.687045 
171.265822 	 -83.687045 
171.261805 	 -83.687387 
171.261805 	 -83.687387 
171.261805 	 -83.687387 
171.257780 	 -83.687728 
171.257780 	 -83.687728 
171.257780 	 -83.687728 
171.257780 	 -83.687728 
171.253748 	 -83.688068 
171.253748 	 -83.688068 
171.253748 	 -83.688068 
171.249710 	 -83.688407 
171.249710 	 -83.688407 
171.249710 	 -83.688407 
171.245680 	 -83.688745 
171.245680 	 -83.688745 
171.245680 	 -83.688745 
171.245680 	 -83.688745 
171.241657 	 -83.689085 
171.241657 	 -83.689085 
171.241657 	 -83.689085 
171.237618 	 -83.689425 
171.237618 	 -83.689425 
171.237618 	 -83.689425 
171.233557 	 -83.689762 
171.233557 	 -83.689762 
171.233557 	 -83.689762 
171.229477 	 -83.690097 
171.229477 	 -83.690097 
171.229477 	 -83.690097 
171.229477 	 -83.690097 
171.225387 	 -83.690432 
171.225387 	 -83.690432 
171.225387 	 -83.690432 
171.221292 	 -83.690767 
171.221292 	 -83.690767 
171.221292 	 -83.690767 
171.217202 	 -83.691102 
171.217202 	 -83.691102 
171.217202 	 -83.691102 
171.217202 	 -83.691102 
171.213132 	 -83.691437 
171.213132 	 -83.691437 
171.213132 	 -83.691437 
171.209078 	 -83.691772 
171.209078 	 -83.691772 
171.209078 	 -83.691772 
171.209078 	 -83.691772 
171.205045 	 -83.692108 
171.205045 	 -83.692108 
171.205045 	 -83.692108 
171.201025 	 -83.692445 
171.201025 	 -83.692445 
171.201025 	 -83.692445 
171.197025 	 -83.692780 
171.197025 	 -83.692780 
171.197025 	 -83.692780 
171.197025 	 -83.692780 
171.193037 	 -83.693117 
171.193037 	 -83.693117 
171.193037 	 -83.693117 
171.189073 	 -83.693453 
171.189073 	 -83.693453 
171.189073 	 -83.693453 
171.185130 	 -83.693788 
171.185130 	 -83.693788 
171.185130 	 -83.693788 
171.185130 	 -83.693788 
171.181197 	 -83.694125 
171.181197 	 -83.694125 
171.181197 	 -83.694125 
171.177272 	 -83.694460 
171.177272 	 -83.694460 
171.177272 	 -83.694460 
171.177272 	 -83.694460 
171.173333 	 -83.694793 
171.173333 	 -83.694793 
171.173333 	 -83.694793 
171.169397 	 -83.695127 
171.169397 	 -83.695127 
171.169397 	 -83.695127 
171.165445 	 -83.695460 
171.165445 	 -83.695460 
171.165445 	 -83.695460 
171.161510 	 -83.695793 
171.161510 	 -83.695793 
171.161510 	 -83.695793 
171.161510 	 -83.695793 
171.157580 	 -83.696127 
171.157580 	 -83.696127 
171.157580 	 -83.696127 
171.153658 	 -83.696460 
171.153658 	 -83.696460 
171.153658 	 -83.696460 
171.149740 	 -83.696792 
171.149740 	 -83.696792 
171.149740 	 -83.696792 
171.149740 	 -83.696792 
171.145822 	 -83.697123 
171.145822 	 -83.697123 
171.145822 	 -83.697123 
171.141930 	 -83.697455 
171.141930 	 -83.697455 
171.141930 	 -83.697455 
171.138035 	 -83.697787 
171.138035 	 -83.697787 
171.138035 	 -83.697787 
171.138035 	 -83.697787 
171.134150 	 -83.698118 
171.134150 	 -83.698118 
171.134150 	 -83.698118 
171.130275 	 -83.698448 
171.130275 	 -83.698448 
171.130275 	 -83.698448 
171.126403 	 -83.698778 
171.126403 	 -83.698778 
171.126403 	 -83.698778 
171.126403 	 -83.698778 
171.122537 	 -83.699108 
171.122537 	 -83.699108 
171.122537 	 -83.699108 
171.118670 	 -83.699438 
