Lon	 Lat
172.035793 	 -83.587893 
172.031550 	 -83.587748 
172.031550 	 -83.587748 
172.031550 	 -83.587748 
172.031550 	 -83.587748 
172.027283 	 -83.587607 
172.027283 	 -83.587607 
172.027283 	 -83.587607 
172.027283 	 -83.587607 
172.023008 	 -83.587468 
172.023008 	 -83.587468 
172.023008 	 -83.587468 
172.018723 	 -83.587333 
172.018723 	 -83.587333 
172.018723 	 -83.587333 
172.018723 	 -83.587333 
172.014425 	 -83.587200 
172.014425 	 -83.587200 
172.014425 	 -83.587200 
172.010120 	 -83.587065 
172.010120 	 -83.587065 
172.010120 	 -83.587065 
172.005817 	 -83.586930 
172.005817 	 -83.586930 
172.005817 	 -83.586930 
172.005817 	 -83.586930 
172.001510 	 -83.586793 
172.001510 	 -83.586793 
172.001510 	 -83.586793 
171.997173 	 -83.586660 
171.997173 	 -83.586660 
171.997173 	 -83.586660 
171.997173 	 -83.586660 
171.992820 	 -83.586528 
171.992820 	 -83.586528 
171.992820 	 -83.586528 
171.988443 	 -83.586400 
171.988443 	 -83.586400 
171.988443 	 -83.586400 
171.988443 	 -83.586400 
171.984043 	 -83.586273 
171.984043 	 -83.586273 
171.984043 	 -83.586273 
171.979623 	 -83.586148 
171.979623 	 -83.586148 
171.979623 	 -83.586148 
171.979623 	 -83.586148 
171.975192 	 -83.586025 
171.975192 	 -83.586025 
171.975192 	 -83.586025 
171.970740 	 -83.585905 
171.970740 	 -83.585905 
171.970740 	 -83.585905 
171.970740 	 -83.585905 
171.966280 	 -83.585788 
171.966280 	 -83.585788 
171.966280 	 -83.585788 
171.961815 	 -83.585673 
171.961815 	 -83.585673 
171.961815 	 -83.585673 
171.961815 	 -83.585673 
171.957350 	 -83.585565 
171.957350 	 -83.585565 
171.957350 	 -83.585565 
171.952880 	 -83.585462 
171.952880 	 -83.585462 
171.952880 	 -83.585462 
171.952880 	 -83.585462 
171.948407 	 -83.585362 
171.948407 	 -83.585362 
171.948407 	 -83.585362 
171.943923 	 -83.585262 
171.943923 	 -83.585262 
171.943923 	 -83.585262 
171.943923 	 -83.585262 
171.939422 	 -83.585170 
171.939422 	 -83.585170 
171.939422 	 -83.585170 
171.934885 	 -83.585097 
171.934885 	 -83.585097 
171.934885 	 -83.585097 
171.934885 	 -83.585097 
171.930313 	 -83.585048 
171.930313 	 -83.585048 
171.930313 	 -83.585048 
171.925720 	 -83.585028 
171.925720 	 -83.585028 
171.925720 	 -83.585028 
171.925720 	 -83.585028 
171.921120 	 -83.585037 
171.921120 	 -83.585037 
171.921120 	 -83.585037 
171.916525 	 -83.585073 
171.916525 	 -83.585073 
171.916525 	 -83.585073 
171.911955 	 -83.585142 
171.911955 	 -83.585142 
171.911955 	 -83.585142 
171.911955 	 -83.585142 
171.907428 	 -83.585238 
171.907428 	 -83.585238 
171.907428 	 -83.585238 
171.902967 	 -83.585363 
171.902967 	 -83.585363 
171.902967 	 -83.585363 
171.902967 	 -83.585363 
171.898568 	 -83.585513 
171.898568 	 -83.585513 
171.898568 	 -83.585513 
171.894257 	 -83.585683 
171.894257 	 -83.585683 
171.894257 	 -83.585683 
171.894257 	 -83.585683 
171.890067 	 -83.585880 
171.890067 	 -83.585880 
171.890067 	 -83.585880 
171.890067 	 -83.585880 
171.885995 	 -83.586098 
171.885995 	 -83.586098 
171.885995 	 -83.586098 
171.882040 	 -83.586335 
171.882040 	 -83.586335 
171.882040 	 -83.586335 
171.878203 	 -83.586590 
171.878203 	 -83.586590 
171.878203 	 -83.586590 
171.878203 	 -83.586590 
171.874482 	 -83.586860 
171.874482 	 -83.586860 
171.874482 	 -83.586860 
171.870868 	 -83.587145 
171.870868 	 -83.587145 
171.870868 	 -83.587145 
171.870868 	 -83.587145 
171.867320 	 -83.587440 
171.867320 	 -83.587440 
171.867320 	 -83.587440 
171.863812 	 -83.587740 
171.863812 	 -83.587740 
171.863812 	 -83.587740 
171.863812 	 -83.587740 
171.860353 	 -83.588048 
171.860353 	 -83.588048 
171.860353 	 -83.588048 
171.856918 	 -83.588362 
171.856918 	 -83.588362 
171.856918 	 -83.588362 
171.856918 	 -83.588362 
171.853490 	 -83.588675 
171.853490 	 -83.588675 
171.853490 	 -83.588675 
171.850063 	 -83.588988 
171.850063 	 -83.588988 
171.850063 	 -83.588988 
171.850063 	 -83.588988 
171.846638 	 -83.589303 
171.846638 	 -83.589303 
171.846638 	 -83.589303 
171.843215 	 -83.589618 
171.843215 	 -83.589618 
171.843215 	 -83.589618 
171.843215 	 -83.589618 
171.839795 	 -83.589935 
171.839795 	 -83.589935 
171.839795 	 -83.589935 
171.839795 	 -83.589935 
171.836378 	 -83.590252 
171.836378 	 -83.590252 
171.836378 	 -83.590252 
171.832970 	 -83.590570 
171.832970 	 -83.590570 
171.832970 	 -83.590570 
171.832970 	 -83.590570 
171.829565 	 -83.590890 
171.829565 	 -83.590890 
171.829565 	 -83.590890 
171.826150 	 -83.591212 
171.826150 	 -83.591212 
171.826150 	 -83.591212 
171.826150 	 -83.591212 
171.822727 	 -83.591535 
171.822727 	 -83.591535 
171.822727 	 -83.591535 
171.819288 	 -83.591862 
171.819288 	 -83.591862 
171.819288 	 -83.591862 
171.819288 	 -83.591862 
171.815845 	 -83.592188 
171.815845 	 -83.592188 
171.815845 	 -83.592188 
171.812398 	 -83.592517 
171.812398 	 -83.592517 
171.812398 	 -83.592517 
171.812398 	 -83.592517 
171.808960 	 -83.592847 
171.808960 	 -83.592847 
171.808960 	 -83.592847 
171.805508 	 -83.593178 
171.805508 	 -83.593178 
171.805508 	 -83.593178 
171.805508 	 -83.593178 
171.802058 	 -83.593512 
171.802058 	 -83.593512 
171.802058 	 -83.593512 
171.798627 	 -83.593847 
171.798627 	 -83.593847 
171.798627 	 -83.593847 
171.798627 	 -83.593847 
171.795220 	 -83.594183 
171.795220 	 -83.594183 
171.795220 	 -83.594183 
171.791825 	 -83.594522 
171.791825 	 -83.594522 
171.791825 	 -83.594522 
171.788428 	 -83.594862 
171.788428 	 -83.594862 
171.788428 	 -83.594862 
171.788428 	 -83.594862 
171.785022 	 -83.595200 
171.785022 	 -83.595200 
171.785022 	 -83.595200 
171.781623 	 -83.595540 
171.781623 	 -83.595540 
171.781623 	 -83.595540 
171.781623 	 -83.595540 
171.778228 	 -83.595883 
171.778228 	 -83.595883 
171.778228 	 -83.595883 
171.774842 	 -83.596230 
171.774842 	 -83.596230 
171.774842 	 -83.596230 
171.774842 	 -83.596230 
171.771492 	 -83.596583 
171.771492 	 -83.596583 
171.771492 	 -83.596583 
171.771492 	 -83.596583 
171.768257 	 -83.596950 
171.768257 	 -83.596950 
171.768257 	 -83.596950 
171.765197 	 -83.597335 
171.765197 	 -83.597335 
171.765197 	 -83.597335 
171.762343 	 -83.597737 
171.762343 	 -83.597737 
171.762343 	 -83.597737 
171.762343 	 -83.597737 
171.759700 	 -83.598157 
171.759700 	 -83.598157 
171.759700 	 -83.598157 
171.757297 	 -83.598592 
171.757297 	 -83.598592 
171.757297 	 -83.598592 
171.757297 	 -83.598592 
171.755150 	 -83.599045 
171.755150 	 -83.599045 
171.755150 	 -83.599045 
171.753147 	 -83.599507 
171.753147 	 -83.599507 
171.753147 	 -83.599507 
171.753147 	 -83.599507 
171.751225 	 -83.599972 
171.751225 	 -83.599972 
171.751225 	 -83.599972 
171.749353 	 -83.600442 
171.749353 	 -83.600442 
171.749353 	 -83.600442 
171.749353 	 -83.600442 
171.747510 	 -83.600913 
171.747510 	 -83.600913 
171.747510 	 -83.600913 
171.745667 	 -83.601387 
171.745667 	 -83.601387 
171.745667 	 -83.601387 
171.745667 	 -83.601387 
171.743838 	 -83.601860 
171.743838 	 -83.601860 
171.743838 	 -83.601860 
171.742025 	 -83.602335 
171.742025 	 -83.602335 
171.742025 	 -83.602335 
171.742025 	 -83.602335 
171.740177 	 -83.602810 
171.740177 	 -83.602810 
171.740177 	 -83.602810 
171.738298 	 -83.603285 
171.738298 	 -83.603285 
171.738298 	 -83.603285 
171.738298 	 -83.603285 
171.736395 	 -83.603760 
171.736395 	 -83.603760 
171.736395 	 -83.603760 
171.734492 	 -83.604237 
171.734492 	 -83.604237 
171.734492 	 -83.604237 
171.734492 	 -83.604237 
171.732595 	 -83.604713 
171.732595 	 -83.604713 
171.732595 	 -83.604713 
171.730700 	 -83.605190 
171.730700 	 -83.605190 
171.730700 	 -83.605190 
171.730700 	 -83.605190 
171.728805 	 -83.605667 
171.728805 	 -83.605667 
171.728805 	 -83.605667 
171.726917 	 -83.606143 
171.726917 	 -83.606143 
171.726917 	 -83.606143 
171.726917 	 -83.606143 
171.725027 	 -83.606618 
171.725027 	 -83.606618 
171.725027 	 -83.606618 
171.723147 	 -83.607092 
171.723147 	 -83.607092 
171.723147 	 -83.607092 
171.723147 	 -83.607092 
171.721277 	 -83.607565 
171.721277 	 -83.607565 
171.721277 	 -83.607565 
171.719425 	 -83.608038 
171.719425 	 -83.608038 
171.719425 	 -83.608038 
171.717558 	 -83.608510 
171.717558 	 -83.608510 
171.717558 	 -83.608510 
171.717558 	 -83.608510 
171.715680 	 -83.608980 
171.715680 	 -83.608980 
171.715680 	 -83.608980 
171.713790 	 -83.609448 
171.713790 	 -83.609448 
171.713790 	 -83.609448 
171.713790 	 -83.609448 
171.711852 	 -83.609915 
171.711852 	 -83.609915 
171.711852 	 -83.609915 
171.711852 	 -83.609915 
171.709853 	 -83.610378 
171.709853 	 -83.610378 
171.709853 	 -83.610378 
171.707805 	 -83.610838 
171.707805 	 -83.610838 
171.707805 	 -83.610838 
171.705713 	 -83.611297 
171.705713 	 -83.611297 
171.705713 	 -83.611297 
171.705713 	 -83.611297 
171.703600 	 -83.611755 
171.703600 	 -83.611755 
171.703600 	 -83.611755 
171.701480 	 -83.612208 
171.701480 	 -83.612208 
171.701480 	 -83.612208 
171.701480 	 -83.612208 
171.699333 	 -83.612662 
171.699333 	 -83.612662 
171.699333 	 -83.612662 
171.697157 	 -83.613112 
171.697157 	 -83.613112 
171.697157 	 -83.613112 
171.697157 	 -83.613112 
171.694955 	 -83.613558 
171.694955 	 -83.613558 
171.694955 	 -83.613558 
171.692747 	 -83.614003 
171.692747 	 -83.614003 
171.692747 	 -83.614003 
171.692747 	 -83.614003 
171.690530 	 -83.614448 
171.690530 	 -83.614448 
171.690530 	 -83.614448 
171.690530 	 -83.614448 
171.688323 	 -83.614892 
171.688323 	 -83.614892 
171.688323 	 -83.614892 
171.686135 	 -83.615335 
171.686135 	 -83.615335 
171.686135 	 -83.615335 
171.683960 	 -83.615782 
171.683960 	 -83.615782 
171.683960 	 -83.615782 
171.683960 	 -83.615782 
171.681777 	 -83.616225 
171.681777 	 -83.616225 
171.681777 	 -83.616225 
171.679567 	 -83.616672 
171.679567 	 -83.616672 
171.679567 	 -83.616672 
171.679567 	 -83.616672 
171.677360 	 -83.617123 
171.677360 	 -83.617123 
171.677360 	 -83.617123 
171.675155 	 -83.617573 
171.675155 	 -83.617573 
171.675155 	 -83.617573 
171.675155 	 -83.617573 
171.672942 	 -83.618023 
171.672942 	 -83.618023 
171.672942 	 -83.618023 
171.670702 	 -83.618475 
171.670702 	 -83.618475 
171.670702 	 -83.618475 
171.670702 	 -83.618475 
171.668447 	 -83.618925 
171.668447 	 -83.618925 
171.668447 	 -83.618925 
171.666167 	 -83.619377 
171.666167 	 -83.619377 
171.666167 	 -83.619377 
171.666167 	 -83.619377 
171.663892 	 -83.619830 
171.663892 	 -83.619830 
171.663892 	 -83.619830 
171.661610 	 -83.620283 
171.661610 	 -83.620283 
171.661610 	 -83.620283 
171.661610 	 -83.620283 
171.659325 	 -83.620738 
171.659325 	 -83.620738 
171.659325 	 -83.620738 
171.657035 	 -83.621193 
171.657035 	 -83.621193 
171.657035 	 -83.621193 
171.657035 	 -83.621193 
171.654763 	 -83.621647 
171.654763 	 -83.621647 
171.654763 	 -83.621647 
171.652547 	 -83.622103 
171.652547 	 -83.622103 
171.652547 	 -83.622103 
171.652547 	 -83.622103 
171.650380 	 -83.622563 
171.650380 	 -83.622563 
171.650380 	 -83.622563 
171.648242 	 -83.623025 
171.648242 	 -83.623025 
171.648242 	 -83.623025 
171.648242 	 -83.623025 
171.646118 	 -83.623488 
171.646118 	 -83.623488 
171.646118 	 -83.623488 
171.643992 	 -83.623953 
171.643992 	 -83.623953 
171.643992 	 -83.623953 
171.643992 	 -83.623953 
171.641855 	 -83.624417 
171.641855 	 -83.624417 
171.641855 	 -83.624417 
171.639695 	 -83.624882 
171.639695 	 -83.624882 
171.639695 	 -83.624882 
171.639695 	 -83.624882 
171.637512 	 -83.625347 
171.637512 	 -83.625347 
171.637512 	 -83.625347 
171.635303 	 -83.625813 
171.635303 	 -83.625813 
171.635303 	 -83.625813 
171.635303 	 -83.625813 
171.633067 	 -83.626280 
171.633067 	 -83.626280 
171.633067 	 -83.626280 
171.630805 	 -83.626747 
171.630805 	 -83.626747 
171.630805 	 -83.626747 
171.630805 	 -83.626747 
171.628525 	 -83.627215 
171.628525 	 -83.627215 
171.628525 	 -83.627215 
171.626250 	 -83.627687 
171.626250 	 -83.627687 
171.626250 	 -83.627687 
171.626250 	 -83.627687 
171.623967 	 -83.628157 
171.623967 	 -83.628157 
171.623967 	 -83.628157 
171.621678 	 -83.628628 
171.621678 	 -83.628628 
171.621678 	 -83.628628 
171.621678 	 -83.628628 
171.619385 	 -83.629100 
171.619385 	 -83.629100 
171.619385 	 -83.629100 
171.617108 	 -83.629575 
171.617108 	 -83.629575 
171.617108 	 -83.629575 
171.617108 	 -83.629575 
171.614837 	 -83.630052 
171.614837 	 -83.630052 
171.614837 	 -83.630052 
171.614837 	 -83.630052 
171.612562 	 -83.630528 
171.612562 	 -83.630528 
171.612562 	 -83.630528 
171.610280 	 -83.631007 
171.610280 	 -83.631007 
171.610280 	 -83.631007 
171.610280 	 -83.631007 
171.608020 	 -83.631485 
171.608020 	 -83.631485 
171.608020 	 -83.631485 
171.605780 	 -83.631965 
171.605780 	 -83.631965 
171.605780 	 -83.631965 
171.605780 	 -83.631965 
171.603530 	 -83.632445 
171.603530 	 -83.632445 
171.603530 	 -83.632445 
171.601268 	 -83.632923 
171.601268 	 -83.632923 
171.601268 	 -83.632923 
171.601268 	 -83.632923 
171.599000 	 -83.633400 
171.599000 	 -83.633400 
171.599000 	 -83.633400 
171.596735 	 -83.633877 
171.596735 	 -83.633877 
171.596735 	 -83.633877 
171.596735 	 -83.633877 
171.594463 	 -83.634355 
171.594463 	 -83.634355 
171.594463 	 -83.634355 
171.592187 	 -83.634832 
171.592187 	 -83.634832 
171.592187 	 -83.634832 
171.589903 	 -83.635308 
171.589903 	 -83.635308 
171.589903 	 -83.635308 
171.589903 	 -83.635308 
171.587617 	 -83.635787 
171.587617 	 -83.635787 
171.587617 	 -83.635787 
171.585327 	 -83.636263 
171.585327 	 -83.636263 
171.585327 	 -83.636263 
171.585327 	 -83.636263 
171.583013 	 -83.636740 
171.583013 	 -83.636740 
171.583013 	 -83.636740 
171.583013 	 -83.636740 
171.580702 	 -83.637217 
171.580702 	 -83.637217 
171.580702 	 -83.637217 
171.578395 	 -83.637695 
171.578395 	 -83.637695 
171.578395 	 -83.637695 
171.576083 	 -83.638173 
171.576083 	 -83.638173 
171.576083 	 -83.638173 
171.576083 	 -83.638173 
171.573782 	 -83.638655 
171.573782 	 -83.638655 
171.573782 	 -83.638655 
171.571467 	 -83.639135 
171.571467 	 -83.639135 
171.571467 	 -83.639135 
171.571467 	 -83.639135 
171.569155 	 -83.639617 
171.569155 	 -83.639617 
171.569155 	 -83.639617 
171.566853 	 -83.640098 
171.566853 	 -83.640098 
171.566853 	 -83.640098 
171.566853 	 -83.640098 
171.564560 	 -83.640582 
171.564560 	 -83.640582 
171.564560 	 -83.640582 
171.562267 	 -83.641065 
171.562267 	 -83.641065 
171.562267 	 -83.641065 
171.562267 	 -83.641065 
171.559950 	 -83.641545 
171.559950 	 -83.641545 
171.559950 	 -83.641545 
171.557602 	 -83.642023 
171.557602 	 -83.642023 
171.557602 	 -83.642023 
171.557602 	 -83.642023 
171.555228 	 -83.642498 
171.555228 	 -83.642498 
171.555228 	 -83.642498 
171.552837 	 -83.642972 
171.552837 	 -83.642972 
171.552837 	 -83.642972 
171.552837 	 -83.642972 
171.550437 	 -83.643443 
171.550437 	 -83.643443 
171.550437 	 -83.643443 
171.548040 	 -83.643918 
171.548040 	 -83.643918 
171.548040 	 -83.643918 
171.548040 	 -83.643918 
171.545650 	 -83.644392 
171.545650 	 -83.644392 
171.545650 	 -83.644392 
171.543262 	 -83.644867 
171.543262 	 -83.644867 
171.543262 	 -83.644867 
171.543262 	 -83.644867 
171.540875 	 -83.645342 
171.540875 	 -83.645342 
171.540875 	 -83.645342 
171.538503 	 -83.645817 
171.538503 	 -83.645817 
171.538503 	 -83.645817 
171.538503 	 -83.645817 
171.536140 	 -83.646293 
171.536140 	 -83.646293 
171.536140 	 -83.646293 
171.533790 	 -83.646772 
171.533790 	 -83.646772 
171.533790 	 -83.646772 
171.533790 	 -83.646772 
171.531448 	 -83.647252 
171.531448 	 -83.647252 
171.531448 	 -83.647252 
171.529100 	 -83.647732 
171.529100 	 -83.647732 
171.529100 	 -83.647732 
171.529100 	 -83.647732 
171.526757 	 -83.648212 
171.526757 	 -83.648212 
171.526757 	 -83.648212 
171.524408 	 -83.648690 
171.524408 	 -83.648690 
171.524408 	 -83.648690 
171.522058 	 -83.649170 
171.522058 	 -83.649170 
171.522058 	 -83.649170 
171.522058 	 -83.649170 
171.519703 	 -83.649648 
171.519703 	 -83.649648 
171.519703 	 -83.649648 
171.517333 	 -83.650125 
171.517333 	 -83.650125 
171.517333 	 -83.650125 
171.517333 	 -83.650125 
171.514955 	 -83.650603 
171.514955 	 -83.650603 
171.514955 	 -83.650603 
171.512578 	 -83.651082 
171.512578 	 -83.651082 
171.512578 	 -83.651082 
171.512578 	 -83.651082 
171.510218 	 -83.651562 
171.510218 	 -83.651562 
171.510218 	 -83.651562 
171.507858 	 -83.652042 
171.507858 	 -83.652042 
171.507858 	 -83.652042 
171.507858 	 -83.652042 
171.505462 	 -83.652520 
171.505462 	 -83.652520 
171.505462 	 -83.652520 
171.503042 	 -83.652998 
171.503042 	 -83.652998 
171.503042 	 -83.652998 
171.503042 	 -83.652998 
171.500587 	 -83.653475 
171.500587 	 -83.653475 
171.500587 	 -83.653475 
171.498075 	 -83.653950 
171.498075 	 -83.653950 
171.498075 	 -83.653950 
171.498075 	 -83.653950 
171.495540 	 -83.654427 
171.495540 	 -83.654427 
171.495540 	 -83.654427 
171.493018 	 -83.654908 
171.493018 	 -83.654908 
171.493018 	 -83.654908 
171.493018 	 -83.654908 
171.490523 	 -83.655392 
171.490523 	 -83.655392 
171.490523 	 -83.655392 
171.488047 	 -83.655880 
171.488047 	 -83.655880 
171.488047 	 -83.655880 
171.488047 	 -83.655880 
171.485602 	 -83.656372 
171.485602 	 -83.656372 
171.485602 	 -83.656372 
171.483188 	 -83.656867 
171.483188 	 -83.656867 
171.483188 	 -83.656867 
171.483188 	 -83.656867 
171.480797 	 -83.657362 
171.480797 	 -83.657362 
171.480797 	 -83.657362 
171.478423 	 -83.657853 
171.478423 	 -83.657853 
171.478423 	 -83.657853 
171.478423 	 -83.657853 
171.476077 	 -83.658345 
171.476077 	 -83.658345 
171.476077 	 -83.658345 
171.473752 	 -83.658835 
171.473752 	 -83.658835 
171.473752 	 -83.658835 
171.473752 	 -83.658835 
171.471452 	 -83.659323 
171.471452 	 -83.659323 
171.471452 	 -83.659323 
171.469172 	 -83.659810 
171.469172 	 -83.659810 
171.469172 	 -83.659810 
171.469172 	 -83.659810 
171.466940 	 -83.660297 
171.466940 	 -83.660297 
171.466940 	 -83.660297 
171.464762 	 -83.660783 
171.464762 	 -83.660783 
171.464762 	 -83.660783 
171.462617 	 -83.661270 
171.462617 	 -83.661270 
171.462617 	 -83.661270 
171.462617 	 -83.661270 
171.460477 	 -83.661757 
171.460477 	 -83.661757 
171.460477 	 -83.661757 
171.460477 	 -83.661757 
171.458303 	 -83.662240 
171.458303 	 -83.662240 
171.458303 	 -83.662240 
171.456068 	 -83.662718 
171.456068 	 -83.662718 
171.456068 	 -83.662718 
171.453770 	 -83.663190 
171.453770 	 -83.663190 
171.453770 	 -83.663190 
171.453770 	 -83.663190 
171.451418 	 -83.663657 
171.451418 	 -83.663657 
171.451418 	 -83.663657 
171.448992 	 -83.664122 
171.448992 	 -83.664122 
171.448992 	 -83.664122 
171.448992 	 -83.664122 
171.446523 	 -83.664582 
171.446523 	 -83.664582 
171.446523 	 -83.664582 
171.444012 	 -83.665040 
171.444012 	 -83.665040 
171.444012 	 -83.665040 
171.444012 	 -83.665040 
171.441478 	 -83.665498 
171.441478 	 -83.665498 
171.441478 	 -83.665498 
171.438940 	 -83.665957 
171.438940 	 -83.665957 
171.438940 	 -83.665957 
171.436417 	 -83.666417 
171.436417 	 -83.666417 
171.436417 	 -83.666417 
171.436417 	 -83.666417 
171.433905 	 -83.666878 
171.433905 	 -83.666878 
171.433905 	 -83.666878 
171.431415 	 -83.667342 
171.431415 	 -83.667342 
171.431415 	 -83.667342 
171.431415 	 -83.667342 
171.428940 	 -83.667808 
171.428940 	 -83.667808 
171.428940 	 -83.667808 
171.426470 	 -83.668277 
171.426470 	 -83.668277 
171.426470 	 -83.668277 
171.426470 	 -83.668277 
171.424020 	 -83.668748 
171.424020 	 -83.668748 
171.424020 	 -83.668748 
171.424020 	 -83.668748 
171.421595 	 -83.669223 
171.421595 	 -83.669223 
171.421595 	 -83.669223 
171.419183 	 -83.669702 
171.419183 	 -83.669702 
171.419183 	 -83.669702 
171.416760 	 -83.670180 
171.416760 	 -83.670180 
171.416760 	 -83.670180 
171.416760 	 -83.670180 
171.414333 	 -83.670658 
171.414333 	 -83.670658 
171.414333 	 -83.670658 
171.411893 	 -83.671137 
171.411893 	 -83.671137 
171.411893 	 -83.671137 
171.411893 	 -83.671137 
171.409447 	 -83.671615 
171.409447 	 -83.671615 
171.409447 	 -83.671615 
171.406993 	 -83.672093 
171.406993 	 -83.672093 
171.406993 	 -83.672093 
171.406993 	 -83.672093 
171.404532 	 -83.672572 
171.404532 	 -83.672572 
171.404532 	 -83.672572 
171.402070 	 -83.673052 
171.402070 	 -83.673052 
171.402070 	 -83.673052 
171.402070 	 -83.673052 
171.399620 	 -83.673533 
171.399620 	 -83.673533 
171.399620 	 -83.673533 
171.397195 	 -83.674013 
171.397195 	 -83.674013 
171.397195 	 -83.674013 
171.397195 	 -83.674013 
171.394782 	 -83.674497 
171.394782 	 -83.674497 
171.394782 	 -83.674497 
171.394782 	 -83.674497 
171.392372 	 -83.674980 
171.392372 	 -83.674980 
171.392372 	 -83.674980 
171.389947 	 -83.675463 
171.389947 	 -83.675463 
171.389947 	 -83.675463 
171.387513 	 -83.675947 
171.387513 	 -83.675947 
171.387513 	 -83.675947 
171.387513 	 -83.675947 
171.385070 	 -83.676430 
171.385070 	 -83.676430 
171.385070 	 -83.676430 
171.382613 	 -83.676913 
171.382613 	 -83.676913 
171.382613 	 -83.676913 
171.382613 	 -83.676913 
171.380162 	 -83.677398 
171.380162 	 -83.677398 
171.380162 	 -83.677398 
171.377708 	 -83.677883 
171.377708 	 -83.677883 
171.377708 	 -83.677883 
171.377708 	 -83.677883 
171.375250 	 -83.678368 
171.375250 	 -83.678368 
171.375250 	 -83.678368 
171.372787 	 -83.678852 
171.372787 	 -83.678852 
171.372787 	 -83.678852 
171.372787 	 -83.678852 
171.370328 	 -83.679337 
171.370328 	 -83.679337 
171.370328 	 -83.679337 
171.367890 	 -83.679822 
171.367890 	 -83.679822 
171.367890 	 -83.679822 
171.367890 	 -83.679822 
171.365468 	 -83.680307 
171.365468 	 -83.680307 
171.365468 	 -83.680307 
171.363062 	 -83.680792 
171.363062 	 -83.680792 
171.363062 	 -83.680792 
171.363062 	 -83.680792 
171.360678 	 -83.681278 
171.360678 	 -83.681278 
171.360678 	 -83.681278 
171.358323 	 -83.681765 
171.358323 	 -83.681765 
171.358323 	 -83.681765 
171.358323 	 -83.681765 
171.355987 	 -83.682253 
171.355987 	 -83.682253 
171.355987 	 -83.682253 
171.353652 	 -83.682742 
171.353652 	 -83.682742 
171.353652 	 -83.682742 
171.353652 	 -83.682742 
171.351322 	 -83.683230 
171.351322 	 -83.683230 
171.351322 	 -83.683230 
171.348980 	 -83.683715 
171.348980 	 -83.683715 
171.348980 	 -83.683715 
171.348980 	 -83.683715 
171.346597 	 -83.684200 
171.346597 	 -83.684200 
171.346597 	 -83.684200 
171.344210 	 -83.684683 
171.344210 	 -83.684683 
171.344210 	 -83.684683 
171.344210 	 -83.684683 
171.341807 	 -83.685168 
171.341807 	 -83.685168 
171.341807 	 -83.685168 
171.339393 	 -83.685652 
171.339393 	 -83.685652 
171.339393 	 -83.685652 
171.339393 	 -83.685652 
171.336968 	 -83.686135 
171.336968 	 -83.686135 
171.336968 	 -83.686135 
171.334523 	 -83.686618 
171.334523 	 -83.686618 
171.334523 	 -83.686618 
171.334523 	 -83.686618 
171.332077 	 -83.687102 
171.332077 	 -83.687102 
171.332077 	 -83.687102 
171.329663 	 -83.687588 
171.329663 	 -83.687588 
171.329663 	 -83.687588 
171.329663 	 -83.687588 
171.327278 	 -83.688077 
171.327278 	 -83.688077 
171.327278 	 -83.688077 
171.327278 	 -83.688077 
171.324907 	 -83.688567 
171.324907 	 -83.688567 
171.324907 	 -83.688567 
171.322563 	 -83.689058 
171.322563 	 -83.689058 
171.322563 	 -83.689058 
171.322563 	 -83.689058 
171.320242 	 -83.689552 
171.320242 	 -83.689552 
171.320242 	 -83.689552 
171.317937 	 -83.690045 
171.317937 	 -83.690045 
171.317937 	 -83.690045 
171.315647 	 -83.690540 
171.315647 	 -83.690540 
171.315647 	 -83.690540 
171.315647 	 -83.690540 
171.313365 	 -83.691033 
171.313365 	 -83.691033 
171.313365 	 -83.691033 
171.311078 	 -83.691527 
171.311078 	 -83.691527 
171.311078 	 -83.691527 
171.311078 	 -83.691527 
171.308792 	 -83.692017 
171.308792 	 -83.692017 
171.308792 	 -83.692017 
171.306503 	 -83.692508 
171.306503 	 -83.692508 
171.306503 	 -83.692508 
171.306503 	 -83.692508 
171.304212 	 -83.692998 
171.304212 	 -83.692998 
171.304212 	 -83.692998 
171.301907 	 -83.693490 
171.301907 	 -83.693490 
171.301907 	 -83.693490 
171.301907 	 -83.693490 
171.299585 	 -83.693978 
171.299585 	 -83.693978 
171.299585 	 -83.693978 
171.297247 	 -83.694468 
171.297247 	 -83.694468 
171.297247 	 -83.694468 
171.297247 	 -83.694468 
171.294882 	 -83.694958 
171.294882 	 -83.694958 
171.294882 	 -83.694958 
171.292503 	 -83.695450 
171.292503 	 -83.695450 
171.292503 	 -83.695450 
171.292503 	 -83.695450 
171.290095 	 -83.695945 
171.290095 	 -83.695945 
171.290095 	 -83.695945 
171.287655 	 -83.696442 
171.287655 	 -83.696442 
171.287655 	 -83.696442 
171.287655 	 -83.696442 
171.285193 	 -83.696940 
171.285193 	 -83.696940 
171.285193 	 -83.696940 
171.282720 	 -83.697438 
171.282720 	 -83.697438 
171.282720 	 -83.697438 
171.280220 	 -83.697937 
171.280220 	 -83.697937 
171.280220 	 -83.697937 
171.280220 	 -83.697937 
171.277702 	 -83.698435 
171.277702 	 -83.698435 
171.277702 	 -83.698435 
171.275192 	 -83.698933 
171.275192 	 -83.698933 
171.275192 	 -83.698933 
171.275192 	 -83.698933 
171.272682 	 -83.699432 
171.272682 	 -83.699432 
171.272682 	 -83.699432 
171.270167 	 -83.699928 
171.270167 	 -83.699928 
171.270167 	 -83.699928 
171.270167 	 -83.699928 
171.267662 	 -83.700425 
171.267662 	 -83.700425 
171.267662 	 -83.700425 
171.265173 	 -83.700920 
171.265173 	 -83.700920 
171.265173 	 -83.700920 
171.265173 	 -83.700920 
171.262705 	 -83.701417 
171.262705 	 -83.701417 
171.262705 	 -83.701417 
171.260255 	 -83.701912 
171.260255 	 -83.701912 
171.260255 	 -83.701912 
171.260255 	 -83.701912 
171.257825 	 -83.702408 
171.257825 	 -83.702408 
171.257825 	 -83.702408 
171.255412 	 -83.702903 
171.255412 	 -83.702903 
171.255412 	 -83.702903 
171.255412 	 -83.702903 
171.253005 	 -83.703400 
171.253005 	 -83.703400 
171.253005 	 -83.703400 
171.250620 	 -83.703895 
171.250620 	 -83.703895 
171.250620 	 -83.703895 
171.250620 	 -83.703895 
171.248257 	 -83.704392 
171.248257 	 -83.704392 
171.248257 	 -83.704392 
171.245925 	 -83.704888 
171.245925 	 -83.704888 
171.245925 	 -83.704888 
171.245925 	 -83.704888 
171.243607 	 -83.705385 
171.243607 	 -83.705385 
171.243607 	 -83.705385 
171.241302 	 -83.705880 
171.241302 	 -83.705880 
171.241302 	 -83.705880 
171.241302 	 -83.705880 
171.239017 	 -83.706377 
171.239017 	 -83.706377 
171.239017 	 -83.706377 
171.236753 	 -83.706873 
171.236753 	 -83.706873 
171.236753 	 -83.706873 
171.234507 	 -83.707370 
171.234507 	 -83.707370 
171.234507 	 -83.707370 
171.234507 	 -83.707370 
171.232307 	 -83.707870 
171.232307 	 -83.707870 
171.232307 	 -83.707870 
171.232307 	 -83.707870 
171.230193 	 -83.708375 
171.230193 	 -83.708375 
171.230193 	 -83.708375 
171.228187 	 -83.708883 
171.228187 	 -83.708883 
171.228187 	 -83.708883 
171.226287 	 -83.709398 
171.226287 	 -83.709398 
171.226287 	 -83.709398 
171.226287 	 -83.709398 
171.224500 	 -83.709917 
171.224500 	 -83.709917 
171.224500 	 -83.709917 
171.222808 	 -83.710442 
171.222808 	 -83.710442 
171.222808 	 -83.710442 
171.222808 	 -83.710442 
171.221220 	 -83.710970 
171.221220 	 -83.710970 
171.221220 	 -83.710970 
171.219740 	 -83.711502 
171.219740 	 -83.711502 
171.219740 	 -83.711502 
171.219740 	 -83.711502 
171.218373 	 -83.712035 
171.218373 	 -83.712035 
171.218373 	 -83.712035 
171.217125 	 -83.712572 
171.217125 	 -83.712572 
171.217125 	 -83.712572 
171.217125 	 -83.712572 
171.215977 	 -83.713110 
171.215977 	 -83.713110 
171.215977 	 -83.713110 
171.214887 	 -83.713650 
171.214887 	 -83.713650 
171.214887 	 -83.713650 
171.214887 	 -83.713650 
171.213828 	 -83.714192 
171.213828 	 -83.714192 
171.213828 	 -83.714192 
171.213828 	 -83.714192 
171.212787 	 -83.714733 
171.212787 	 -83.714733 
171.212787 	 -83.714733 
171.211730 	 -83.715275 
171.211730 	 -83.715275 
171.211730 	 -83.715275 
171.210648 	 -83.715817 
171.210648 	 -83.715817 
171.210648 	 -83.715817 
171.210648 	 -83.715817 
171.209542 	 -83.716357 
171.209542 	 -83.716357 
171.209542 	 -83.716357 
171.208405 	 -83.716897 
171.208405 	 -83.716897 
171.208405 	 -83.716897 
171.208405 	 -83.716897 
171.207238 	 -83.717437 
171.207238 	 -83.717437 
171.207238 	 -83.717437 
171.206030 	 -83.717973 
171.206030 	 -83.717973 
171.206030 	 -83.717973 
171.206030 	 -83.717973 
171.204790 	 -83.718513 
171.204790 	 -83.718513 
171.204790 	 -83.718513 
171.203520 	 -83.719050 
171.203520 	 -83.719050 
171.203520 	 -83.719050 
171.203520 	 -83.719050 
171.202237 	 -83.719587 
171.202237 	 -83.719587 
171.202237 	 -83.719587 
171.200960 	 -83.720122 
171.200960 	 -83.720122 
171.200960 	 -83.720122 
171.200960 	 -83.720122 
171.199702 	 -83.720658 
171.199702 	 -83.720658 
171.199702 	 -83.720658 
171.198460 	 -83.721195 
171.198460 	 -83.721195 
171.198460 	 -83.721195 
171.198460 	 -83.721195 
171.197227 	 -83.721732 
171.197227 	 -83.721732 
171.197227 	 -83.721732 
171.195995 	 -83.722267 
171.195995 	 -83.722267 
171.195995 	 -83.722267 
171.195995 	 -83.722267 
171.194768 	 -83.722802 
171.194768 	 -83.722802 
171.194768 	 -83.722802 
171.193543 	 -83.723338 
171.193543 	 -83.723338 
171.193543 	 -83.723338 
171.193543 	 -83.723338 
171.192320 	 -83.723872 
171.192320 	 -83.723872 
171.192320 	 -83.723872 
171.191105 	 -83.724405 
171.191105 	 -83.724405 
171.191105 	 -83.724405 
171.191105 	 -83.724405 
171.189893 	 -83.724937 
171.189893 	 -83.724937 
171.189893 	 -83.724937 
171.188688 	 -83.725467 
171.188688 	 -83.725467 
171.188688 	 -83.725467 
171.188688 	 -83.725467 
171.187487 	 -83.725993 
171.187487 	 -83.725993 
171.187487 	 -83.725993 
171.186313 	 -83.726520 
171.186313 	 -83.726520 
171.186313 	 -83.726520 
171.186313 	 -83.726520 
171.185152 	 -83.727047 
171.185152 	 -83.727047 
171.185152 	 -83.727047 
171.185152 	 -83.727047 
171.183992 	 -83.727572 
171.183992 	 -83.727572 
171.183992 	 -83.727572 
171.182832 	 -83.728097 
171.182832 	 -83.728097 
171.182832 	 -83.728097 
171.181672 	 -83.728622 
171.181672 	 -83.728622 
171.181672 	 -83.728622 
171.181672 	 -83.728622 
171.180508 	 -83.729145 
171.180508 	 -83.729145 
171.180508 	 -83.729145 
171.179338 	 -83.729668 
171.179338 	 -83.729668 
171.179338 	 -83.729668 
171.179338 	 -83.729668 
171.178153 	 -83.730193 
171.178153 	 -83.730193 
171.178153 	 -83.730193 
171.176952 	 -83.730717 
171.176952 	 -83.730717 
171.176952 	 -83.730717 
171.176952 	 -83.730717 
171.175745 	 -83.731240 
171.175745 	 -83.731240 
171.175745 	 -83.731240 
171.174537 	 -83.731765 
171.174537 	 -83.731765 
171.174537 	 -83.731765 
171.174537 	 -83.731765 
171.173313 	 -83.732287 
171.173313 	 -83.732287 
171.173313 	 -83.732287 
171.172085 	 -83.732808 
171.172085 	 -83.732808 
171.172085 	 -83.732808 
171.172085 	 -83.732808 
171.170870 	 -83.733328 
171.170870 	 -83.733328 
171.170870 	 -83.733328 
171.169648 	 -83.733850 
171.169648 	 -83.733850 
171.169648 	 -83.733850 
171.169648 	 -83.733850 
171.168400 	 -83.734370 
171.168400 	 -83.734370 
171.168400 	 -83.734370 
171.167145 	 -83.734888 
171.167145 	 -83.734888 
171.167145 	 -83.734888 
171.167145 	 -83.734888 
171.165902 	 -83.735407 
171.165902 	 -83.735407 
171.165902 	 -83.735407 
171.164648 	 -83.735920 
171.164648 	 -83.735920 
171.164648 	 -83.735920 
171.164648 	 -83.735920 
171.163373 	 -83.736433 
171.163373 	 -83.736433 
171.163373 	 -83.736433 
171.162092 	 -83.736945 
171.162092 	 -83.736945 
171.162092 	 -83.736945 
171.162092 	 -83.736945 
171.160800 	 -83.737455 
171.160800 	 -83.737455 
171.160800 	 -83.737455 
171.159512 	 -83.737965 
171.159512 	 -83.737965 
171.159512 	 -83.737965 
171.159512 	 -83.737965 
171.158242 	 -83.738475 
171.158242 	 -83.738475 
171.158242 	 -83.738475 
171.157000 	 -83.738987 
171.157000 	 -83.738987 
171.157000 	 -83.738987 
171.157000 	 -83.738987 
171.155785 	 -83.739500 
171.155785 	 -83.739500 
171.155785 	 -83.739500 
171.154582 	 -83.740015 
171.154582 	 -83.740015 
171.154582 	 -83.740015 
171.154582 	 -83.740015 
171.153385 	 -83.740532 
171.153385 	 -83.740532 
171.153385 	 -83.740532 
171.152188 	 -83.741050 
171.152188 	 -83.741050 
171.152188 	 -83.741050 
171.152188 	 -83.741050 
171.150992 	 -83.741568 
171.150992 	 -83.741568 
171.150992 	 -83.741568 
171.149797 	 -83.742087 
171.149797 	 -83.742087 
171.149797 	 -83.742087 
171.149797 	 -83.742087 
171.148598 	 -83.742607 
171.148598 	 -83.742607 
171.148598 	 -83.742607 
171.147397 	 -83.743127 
171.147397 	 -83.743127 
171.147397 	 -83.743127 
171.147397 	 -83.743127 
171.146188 	 -83.743648 
171.146188 	 -83.743648 
171.146188 	 -83.743648 
171.144965 	 -83.744168 
171.144965 	 -83.744168 
171.144965 	 -83.744168 
171.144965 	 -83.744168 
171.143730 	 -83.744692 
171.143730 	 -83.744692 
171.143730 	 -83.744692 
171.142480 	 -83.745213 
171.142480 	 -83.745213 
171.142480 	 -83.745213 
171.142480 	 -83.745213 
171.141233 	 -83.745735 
171.141233 	 -83.745735 
171.141233 	 -83.745735 
171.139990 	 -83.746255 
171.139990 	 -83.746255 
171.139990 	 -83.746255 
171.139990 	 -83.746255 
171.138753 	 -83.746777 
171.138753 	 -83.746777 
171.138753 	 -83.746777 
171.137523 	 -83.747295 
171.137523 	 -83.747295 
171.137523 	 -83.747295 
171.136305 	 -83.747813 
171.136305 	 -83.747813 
171.136305 	 -83.747813 
171.136305 	 -83.747813 
171.135102 	 -83.748330 
171.135102 	 -83.748330 
171.135102 	 -83.748330 
171.133905 	 -83.748847 
171.133905 	 -83.748847 
171.133905 	 -83.748847 
171.133905 	 -83.748847 
171.132710 	 -83.749363 
171.132710 	 -83.749363 
171.132710 	 -83.749363 
171.131510 	 -83.749880 
171.131510 	 -83.749880 
171.131510 	 -83.749880 
171.131510 	 -83.749880 
171.130307 	 -83.750398 
171.130307 	 -83.750398 
171.130307 	 -83.750398 
171.129113 	 -83.750915 
171.129113 	 -83.750915 
171.129113 	 -83.750915 
171.129113 	 -83.750915 
171.127927 	 -83.751435 
171.127927 	 -83.751435 
171.127927 	 -83.751435 
171.127927 	 -83.751435 
171.126745 	 -83.751957 
171.126745 	 -83.751957 
171.126745 	 -83.751957 
171.125557 	 -83.752480 
171.125557 	 -83.752480 
171.125557 	 -83.752480 
171.124355 	 -83.753005 
171.124355 	 -83.753005 
171.124355 	 -83.753005 
171.124355 	 -83.753005 
171.123143 	 -83.753532 
171.123143 	 -83.753532 
171.123143 	 -83.753532 
171.121920 	 -83.754058 
171.121920 	 -83.754058 
171.121920 	 -83.754058 
171.121920 	 -83.754058 
171.120693 	 -83.754587 
171.120693 	 -83.754587 
171.120693 	 -83.754587 
171.119460 	 -83.755117 
171.119460 	 -83.755117 
171.119460 	 -83.755117 
171.119460 	 -83.755117 
171.118227 	 -83.755647 
171.118227 	 -83.755647 
171.118227 	 -83.755647 
171.116995 	 -83.756175 
171.116995 	 -83.756175 
171.116995 	 -83.756175 
171.116995 	 -83.756175 
171.115770 	 -83.756705 
171.115770 	 -83.756705 
171.115770 	 -83.756705 
171.114553 	 -83.757235 
171.114553 	 -83.757235 
171.114553 	 -83.757235 
171.114553 	 -83.757235 
171.113340 	 -83.757767 
171.113340 	 -83.757767 
171.113340 	 -83.757767 
171.113340 	 -83.757767 
171.112133 	 -83.758298 
171.112133 	 -83.758298 
171.112133 	 -83.758298 
171.110935 	 -83.758830 
171.110935 	 -83.758830 
171.110935 	 -83.758830 
171.109747 	 -83.759365 
171.109747 	 -83.759365 
171.109747 	 -83.759365 
171.109747 	 -83.759365 
171.108562 	 -83.759898 
171.108562 	 -83.759898 
171.108562 	 -83.759898 
171.107373 	 -83.760435 
171.107373 	 -83.760435 
171.107373 	 -83.760435 
171.107373 	 -83.760435 
171.106173 	 -83.760970 
171.106173 	 -83.760970 
171.106173 	 -83.760970 
171.104965 	 -83.761507 
171.104965 	 -83.761507 
171.104965 	 -83.761507 
171.104965 	 -83.761507 
171.103758 	 -83.762045 
171.103758 	 -83.762045 
171.103758 	 -83.762045 
171.102552 	 -83.762583 
171.102552 	 -83.762583 
171.102552 	 -83.762583 
171.102552 	 -83.762583 
171.101345 	 -83.763122 
171.101345 	 -83.763122 
171.101345 	 -83.763122 
171.100127 	 -83.763662 
171.100127 	 -83.763662 
171.100127 	 -83.763662 
171.100127 	 -83.763662 
171.098902 	 -83.764203 
171.098902 	 -83.764203 
171.098902 	 -83.764203 
171.097660 	 -83.764743 
171.097660 	 -83.764743 
171.097660 	 -83.764743 
171.097660 	 -83.764743 
171.096395 	 -83.765283 
171.096395 	 -83.765283 
171.096395 	 -83.765283 
171.095098 	 -83.765823 
171.095098 	 -83.765823 
171.095098 	 -83.765823 
171.095098 	 -83.765823 
171.093770 	 -83.766362 
171.093770 	 -83.766362 
171.093770 	 -83.766362 
171.092427 	 -83.766902 
171.092427 	 -83.766902 
171.092427 	 -83.766902 
171.092427 	 -83.766902 
171.091080 	 -83.767442 
171.091080 	 -83.767442 
171.091080 	 -83.767442 
171.091080 	 -83.767442 
171.089730 	 -83.767982 
171.089730 	 -83.767982 
171.089730 	 -83.767982 
171.088380 	 -83.768522 
171.088380 	 -83.768522 
171.088380 	 -83.768522 
171.088380 	 -83.768522 
171.087032 	 -83.769063 
171.087032 	 -83.769063 
171.087032 	 -83.769063 
171.085682 	 -83.769605 
171.085682 	 -83.769605 
171.085682 	 -83.769605 
171.085682 	 -83.769605 
171.084337 	 -83.770147 
171.084337 	 -83.770147 
171.084337 	 -83.770147 
171.083003 	 -83.770690 
171.083003 	 -83.770690 
171.083003 	 -83.770690 
171.083003 	 -83.770690 
171.081683 	 -83.771233 
171.081683 	 -83.771233 
171.081683 	 -83.771233 
171.080380 	 -83.771778 
171.080380 	 -83.771778 
171.080380 	 -83.771778 
171.080380 	 -83.771778 
171.079098 	 -83.772325 
171.079098 	 -83.772325 
171.079098 	 -83.772325 
171.077833 	 -83.772873 
171.077833 	 -83.772873 
171.077833 	 -83.772873 
171.077833 	 -83.772873 
171.076572 	 -83.773422 
171.076572 	 -83.773422 
171.076572 	 -83.773422 
171.075307 	 -83.773970 
171.075307 	 -83.773970 
171.075307 	 -83.773970 
171.075307 	 -83.773970 
171.074035 	 -83.774520 
171.074035 	 -83.774520 
171.074035 	 -83.774520 
171.072767 	 -83.775070 
171.072767 	 -83.775070 
171.072767 	 -83.775070 
171.072767 	 -83.775070 
171.071527 	 -83.775618 
171.071527 	 -83.775618 
171.071527 	 -83.775618 
171.070325 	 -83.776170 
171.070325 	 -83.776170 
171.070325 	 -83.776170 
171.070325 	 -83.776170 
171.069168 	 -83.776722 
171.069168 	 -83.776722 
171.069168 	 -83.776722 
171.068047 	 -83.777275 
171.068047 	 -83.777275 
171.068047 	 -83.777275 
171.068047 	 -83.777275 
171.066948 	 -83.777830 
171.066948 	 -83.777830 
171.066948 	 -83.777830 
171.065860 	 -83.778385 
171.065860 	 -83.778385 
171.065860 	 -83.778385 
171.065860 	 -83.778385 
171.064772 	 -83.778940 
171.064772 	 -83.778940 
171.064772 	 -83.778940 
171.063700 	 -83.779497 
171.063700 	 -83.779497 
171.063700 	 -83.779497 
171.062640 	 -83.780055 
171.062640 	 -83.780055 
171.062640 	 -83.780055 
171.062640 	 -83.780055 
171.061587 	 -83.780615 
171.061587 	 -83.780615 
171.061587 	 -83.780615 
171.060532 	 -83.781178 
171.060532 	 -83.781178 
171.060532 	 -83.781178 
171.060532 	 -83.781178 
171.059502 	 -83.781743 
171.059502 	 -83.781743 
171.059502 	 -83.781743 
171.058572 	 -83.782312 
171.058572 	 -83.782312 
171.058572 	 -83.782312 
171.058572 	 -83.782312 
171.057813 	 -83.782885 
171.057813 	 -83.782885 
171.057813 	 -83.782885 
171.057248 	 -83.783462 
171.057248 	 -83.783462 
171.057248 	 -83.783462 
171.057248 	 -83.783462 
171.056908 	 -83.784042 
171.056908 	 -83.784042 
171.056908 	 -83.784042 
171.056728 	 -83.784623 
171.056728 	 -83.784623 
171.056728 	 -83.784623 
171.056728 	 -83.784623 
171.056713 	 -83.785205 
171.056713 	 -83.785205 
171.056713 	 -83.785205 
171.056825 	 -83.785788 
171.056825 	 -83.785788 
171.056825 	 -83.785788 
171.056825 	 -83.785788 
171.057037 	 -83.786372 
171.057037 	 -83.786372 
171.057037 	 -83.786372 
171.057322 	 -83.786952 
171.057322 	 -83.786952 
171.057322 	 -83.786952 
171.057322 	 -83.786952 
171.057665 	 -83.787533 
171.057665 	 -83.787533 
171.057665 	 -83.787533 
171.058052 	 -83.788112 
171.058052 	 -83.788112 
171.058052 	 -83.788112 
171.058052 	 -83.788112 
171.058465 	 -83.788692 
171.058465 	 -83.788692 
171.058465 	 -83.788692 
171.058465 	 -83.788692 
171.058900 	 -83.789272 
171.058900 	 -83.789272 
171.058900 	 -83.789272 
171.059343 	 -83.789853 
171.059343 	 -83.789853 
171.059343 	 -83.789853 
171.059783 	 -83.790433 
171.059783 	 -83.790433 
171.059783 	 -83.790433 
171.059783 	 -83.790433 
171.060228 	 -83.791017 
171.060228 	 -83.791017 
171.060228 	 -83.791017 
171.060675 	 -83.791597 
171.060675 	 -83.791597 
171.060675 	 -83.791597 
171.060675 	 -83.791597 
171.061092 	 -83.792178 
171.061092 	 -83.792178 
171.061092 	 -83.792178 
171.061457 	 -83.792762 
171.061457 	 -83.792762 
171.061457 	 -83.792762 
171.061457 	 -83.792762 
171.061785 	 -83.793343 
171.061785 	 -83.793343 
171.061785 	 -83.793343 
171.062078 	 -83.793925 
171.062078 	 -83.793925 
171.062078 	 -83.793925 
171.062078 	 -83.793925 
171.062350 	 -83.794507 
171.062350 	 -83.794507 
171.062350 	 -83.794507 
171.062592 	 -83.795087 
171.062592 	 -83.795087 
171.062592 	 -83.795087 
171.062592 	 -83.795087 
171.062797 	 -83.795665 
171.062797 	 -83.795665 
171.062797 	 -83.795665 
171.062978 	 -83.796243 
171.062978 	 -83.796243 
171.062978 	 -83.796243 
171.062978 	 -83.796243 
171.063125 	 -83.796823 
171.063125 	 -83.796823 
171.063125 	 -83.796823 
171.063255 	 -83.797400 
171.063255 	 -83.797400 
171.063255 	 -83.797400 
171.063255 	 -83.797400 
171.063380 	 -83.797977 
171.063380 	 -83.797977 
171.063380 	 -83.797977 
171.063497 	 -83.798550 
171.063497 	 -83.798550 
171.063497 	 -83.798550 
171.063497 	 -83.798550 
171.063615 	 -83.799122 
171.063615 	 -83.799122 
171.063615 	 -83.799122 
171.063753 	 -83.799693 
171.063753 	 -83.799693 
171.063753 	 -83.799693 
171.063753 	 -83.799693 
171.063922 	 -83.800262 
171.063922 	 -83.800262 
171.063922 	 -83.800262 
171.063922 	 -83.800262 
171.064117 	 -83.800832 
171.064117 	 -83.800832 
171.064117 	 -83.800832 
171.064335 	 -83.801400 
171.064335 	 -83.801400 
171.064335 	 -83.801400 
171.064578 	 -83.801967 
171.064578 	 -83.801967 
171.064578 	 -83.801967 
171.064578 	 -83.801967 
171.064833 	 -83.802537 
171.064833 	 -83.802537 
171.064833 	 -83.802537 
171.065097 	 -83.803103 
171.065097 	 -83.803103 
171.065097 	 -83.803103 
171.065097 	 -83.803103 
171.065372 	 -83.803670 
171.065372 	 -83.803670 
171.065372 	 -83.803670 
171.065660 	 -83.804237 
171.065660 	 -83.804237 
171.065660 	 -83.804237 
171.065660 	 -83.804237 
171.065967 	 -83.804802 
171.065967 	 -83.804802 
171.065967 	 -83.804802 
171.066277 	 -83.805367 
171.066277 	 -83.805367 
171.066277 	 -83.805367 
171.066277 	 -83.805367 
171.066595 	 -83.805930 
171.066595 	 -83.805930 
171.066595 	 -83.805930 
171.066918 	 -83.806493 
171.066918 	 -83.806493 
171.066918 	 -83.806493 
171.066918 	 -83.806493 
171.067225 	 -83.807055 
171.067225 	 -83.807055 
171.067225 	 -83.807055 
171.067507 	 -83.807617 
171.067507 	 -83.807617 
171.067507 	 -83.807617 
171.067507 	 -83.807617 
171.067772 	 -83.808180 
171.067772 	 -83.808180 
171.067772 	 -83.808180 
171.068022 	 -83.808743 
171.068022 	 -83.808743 
171.068022 	 -83.808743 
171.068022 	 -83.808743 
171.068263 	 -83.809305 
171.068263 	 -83.809305 
171.068263 	 -83.809305 
171.068498 	 -83.809867 
171.068498 	 -83.809867 
171.068498 	 -83.809867 
171.068498 	 -83.809867 
171.068713 	 -83.810428 
171.068713 	 -83.810428 
171.068713 	 -83.810428 
171.068930 	 -83.810988 
171.068930 	 -83.810988 
171.068930 	 -83.810988 
171.068930 	 -83.810988 
171.069142 	 -83.811550 
171.069142 	 -83.811550 
171.069142 	 -83.811550 
171.069142 	 -83.811550 
171.069338 	 -83.812110 
171.069338 	 -83.812110 
171.069338 	 -83.812110 
171.069513 	 -83.812670 
171.069513 	 -83.812670 
171.069513 	 -83.812670 
171.069673 	 -83.813232 
171.069673 	 -83.813232 
171.069673 	 -83.813232 
171.069673 	 -83.813232 
171.069825 	 -83.813792 
171.069825 	 -83.813792 
171.069825 	 -83.813792 
171.069960 	 -83.814355 
171.069960 	 -83.814355 
171.069960 	 -83.814355 
171.069960 	 -83.814355 
171.070077 	 -83.814920 
171.070077 	 -83.814920 
171.070077 	 -83.814920 
171.070188 	 -83.815485 
171.070188 	 -83.815485 
171.070188 	 -83.815485 
171.070188 	 -83.815485 
171.070293 	 -83.816050 
171.070293 	 -83.816050 
171.070293 	 -83.816050 
171.070402 	 -83.816617 
171.070402 	 -83.816617 
171.070402 	 -83.816617 
171.070402 	 -83.816617 
171.070522 	 -83.817183 
171.070522 	 -83.817183 
171.070522 	 -83.817183 
171.070662 	 -83.817752 
171.070662 	 -83.817752 
171.070662 	 -83.817752 
171.070662 	 -83.817752 
171.070815 	 -83.818318 
171.070815 	 -83.818318 
171.070815 	 -83.818318 
171.070990 	 -83.818885 
171.070990 	 -83.818885 
171.070990 	 -83.818885 
171.070990 	 -83.818885 
171.071198 	 -83.819453 
171.071198 	 -83.819453 
171.071198 	 -83.819453 
171.071440 	 -83.820018 
171.071440 	 -83.820018 
171.071440 	 -83.820018 
171.071440 	 -83.820018 
171.071700 	 -83.820585 
171.071700 	 -83.820585 
171.071700 	 -83.820585 
171.071953 	 -83.821152 
171.071953 	 -83.821152 
171.071953 	 -83.821152 
171.071953 	 -83.821152 
171.072192 	 -83.821717 
171.072192 	 -83.821717 
171.072192 	 -83.821717 
171.072422 	 -83.822282 
171.072422 	 -83.822282 
171.072422 	 -83.822282 
171.072422 	 -83.822282 
171.072633 	 -83.822847 
171.072633 	 -83.822847 
171.072633 	 -83.822847 
171.072815 	 -83.823412 
171.072815 	 -83.823412 
171.072815 	 -83.823412 
171.072815 	 -83.823412 
171.072958 	 -83.823977 
171.072958 	 -83.823977 
171.072958 	 -83.823977 
171.073092 	 -83.824542 
171.073092 	 -83.824542 
171.073092 	 -83.824542 
171.073092 	 -83.824542 
171.073217 	 -83.825108 
171.073217 	 -83.825108 
171.073217 	 -83.825108 
171.073338 	 -83.825673 
171.073338 	 -83.825673 
171.073338 	 -83.825673 
171.073338 	 -83.825673 
171.073462 	 -83.826240 
171.073462 	 -83.826240 
171.073462 	 -83.826240 
171.073612 	 -83.826807 
171.073612 	 -83.826807 
171.073612 	 -83.826807 
171.073612 	 -83.826807 
171.073795 	 -83.827375 
171.073795 	 -83.827375 
171.073795 	 -83.827375 
171.074015 	 -83.827943 
171.074015 	 -83.827943 
171.074015 	 -83.827943 
171.074015 	 -83.827943 
171.074273 	 -83.828512 
171.074273 	 -83.828512 
171.074273 	 -83.828512 
171.074575 	 -83.829078 
171.074575 	 -83.829078 
171.074575 	 -83.829078 
171.074575 	 -83.829078 
171.074895 	 -83.829645 
171.074895 	 -83.829645 
171.074895 	 -83.829645 
171.075227 	 -83.830208 
171.075227 	 -83.830208 
171.075227 	 -83.830208 
171.075227 	 -83.830208 
171.075562 	 -83.830770 
171.075562 	 -83.830770 
171.075562 	 -83.830770 
171.075895 	 -83.831325 
171.075895 	 -83.831325 
171.075895 	 -83.831325 
171.076228 	 -83.831882 
171.076228 	 -83.831882 
171.076228 	 -83.831882 
171.076228 	 -83.831882 
171.076558 	 -83.832435 
171.076558 	 -83.832435 
171.076558 	 -83.832435 
171.076558 	 -83.832435 
171.076885 	 -83.832985 
171.076885 	 -83.832985 
171.076885 	 -83.832985 
171.077212 	 -83.833535 
171.077212 	 -83.833535 
171.077212 	 -83.833535 
171.077212 	 -83.833535 
171.077537 	 -83.834085 
171.077537 	 -83.834085 
171.077537 	 -83.834085 
171.077852 	 -83.834635 
171.077852 	 -83.834635 
171.077852 	 -83.834635 
171.077852 	 -83.834635 
171.078145 	 -83.835190 
171.078145 	 -83.835190 
171.078145 	 -83.835190 
171.078403 	 -83.835740 
171.078403 	 -83.835740 
171.078403 	 -83.835740 
171.078403 	 -83.835740 
171.078623 	 -83.836293 
171.078623 	 -83.836293 
171.078623 	 -83.836293 
171.078810 	 -83.836848 
171.078810 	 -83.836848 
171.078810 	 -83.836848 
171.078978 	 -83.837403 
171.078978 	 -83.837403 
171.078978 	 -83.837403 
171.078978 	 -83.837403 
171.079132 	 -83.837958 
171.079132 	 -83.837958 
171.079132 	 -83.837958 
171.079262 	 -83.838513 
171.079262 	 -83.838513 
171.079262 	 -83.838513 
171.079262 	 -83.838513 
171.079383 	 -83.839070 
171.079383 	 -83.839070 
171.079383 	 -83.839070 
171.079383 	 -83.839070 
171.079508 	 -83.839623 
171.079508 	 -83.839623 
171.079508 	 -83.839623 
171.079643 	 -83.840182 
171.079643 	 -83.840182 
171.079643 	 -83.840182 
171.079780 	 -83.840737 
171.079780 	 -83.840737 
171.079780 	 -83.840737 
171.079780 	 -83.840737 
171.079923 	 -83.841288 
171.079923 	 -83.841288 
171.079923 	 -83.841288 
171.080063 	 -83.841840 
171.080063 	 -83.841840 
171.080063 	 -83.841840 
171.080063 	 -83.841840 
171.080205 	 -83.842392 
171.080205 	 -83.842392 
171.080205 	 -83.842392 
171.080337 	 -83.842943 
171.080337 	 -83.842943 
171.080337 	 -83.842943 
171.080337 	 -83.842943 
171.080448 	 -83.843497 
171.080448 	 -83.843497 
171.080448 	 -83.843497 
171.080553 	 -83.844058 
171.080553 	 -83.844058 
171.080553 	 -83.844058 
171.080553 	 -83.844058 
171.080653 	 -83.844617 
171.080653 	 -83.844617 
171.080653 	 -83.844617 
171.080758 	 -83.845173 
171.080758 	 -83.845173 
171.080758 	 -83.845173 
171.080758 	 -83.845173 
171.080872 	 -83.845730 
171.080872 	 -83.845730 
171.080872 	 -83.845730 
171.080985 	 -83.846288 
171.080985 	 -83.846288 
171.080985 	 -83.846288 
171.080985 	 -83.846288 
171.081093 	 -83.846847 
171.081093 	 -83.846847 
171.081093 	 -83.846847 
171.081212 	 -83.847405 
171.081212 	 -83.847405 
171.081212 	 -83.847405 
171.081337 	 -83.847963 
171.081337 	 -83.847963 
171.081337 	 -83.847963 
171.081337 	 -83.847963 
171.081467 	 -83.848522 
171.081467 	 -83.848522 
171.081467 	 -83.848522 
171.081467 	 -83.848522 
171.081587 	 -83.849082 
171.081587 	 -83.849082 
171.081587 	 -83.849082 
171.081698 	 -83.849642 
171.081698 	 -83.849642 
171.081698 	 -83.849642 
171.081802 	 -83.850203 
171.081802 	 -83.850203 
171.081802 	 -83.850203 
171.081802 	 -83.850203 
171.081913 	 -83.850763 
171.081913 	 -83.850763 
171.081913 	 -83.850763 
171.081913 	 -83.850763 
171.082018 	 -83.851327 
171.082018 	 -83.851327 
171.082018 	 -83.851327 
171.082122 	 -83.851890 
171.082122 	 -83.851890 
171.082122 	 -83.851890 
171.082225 	 -83.852455 
171.082225 	 -83.852455 
171.082225 	 -83.852455 
171.082225 	 -83.852455 
171.082345 	 -83.853020 
171.082345 	 -83.853020 
171.082345 	 -83.853020 
171.082485 	 -83.853587 
171.082485 	 -83.853587 
171.082485 	 -83.853587 
171.082485 	 -83.853587 
171.082630 	 -83.854155 
171.082630 	 -83.854155 
171.082630 	 -83.854155 
171.082757 	 -83.854723 
171.082757 	 -83.854723 
171.082757 	 -83.854723 
171.082757 	 -83.854723 
171.082885 	 -83.855292 
171.082885 	 -83.855292 
171.082885 	 -83.855292 
171.083037 	 -83.855862 
171.083037 	 -83.855862 
171.083037 	 -83.855862 
171.083037 	 -83.855862 
171.083212 	 -83.856432 
171.083212 	 -83.856432 
171.083212 	 -83.856432 
171.083405 	 -83.857005 
171.083405 	 -83.857005 
171.083405 	 -83.857005 
171.083405 	 -83.857005 
171.083618 	 -83.857577 
171.083618 	 -83.857577 
171.083618 	 -83.857577 
171.083853 	 -83.858153 
171.083853 	 -83.858153 
171.083853 	 -83.858153 
171.083853 	 -83.858153 
171.084085 	 -83.858730 
171.084085 	 -83.858730 
171.084085 	 -83.858730 
171.084313 	 -83.859307 
171.084313 	 -83.859307 
171.084313 	 -83.859307 
171.084313 	 -83.859307 
171.084527 	 -83.859885 
171.084527 	 -83.859885 
171.084527 	 -83.859885 
171.084730 	 -83.860463 
171.084730 	 -83.860463 
171.084730 	 -83.860463 
171.084730 	 -83.860463 
171.084927 	 -83.861042 
171.084927 	 -83.861042 
171.084927 	 -83.861042 
171.085120 	 -83.861622 
171.085120 	 -83.861622 
171.085120 	 -83.861622 
171.085303 	 -83.862202 
171.085303 	 -83.862202 
171.085303 	 -83.862202 
171.085303 	 -83.862202 
171.085473 	 -83.862783 
171.085473 	 -83.862783 
171.085473 	 -83.862783 
171.085473 	 -83.862783 
171.085630 	 -83.863367 
171.085630 	 -83.863367 
171.085630 	 -83.863367 
171.085782 	 -83.863952 
171.085782 	 -83.863952 
171.085782 	 -83.863952 
171.085922 	 -83.864542 
171.085922 	 -83.864542 
171.085922 	 -83.864542 
171.085922 	 -83.864542 
171.086025 	 -83.865133 
171.086025 	 -83.865133 
171.086025 	 -83.865133 
171.086113 	 -83.865727 
171.086113 	 -83.865727 
171.086113 	 -83.865727 
171.086113 	 -83.865727 
171.086183 	 -83.866322 
171.086183 	 -83.866322 
171.086183 	 -83.866322 
171.086243 	 -83.866917 
171.086243 	 -83.866917 
171.086243 	 -83.866917 
171.086243 	 -83.866917 
171.086295 	 -83.867510 
171.086295 	 -83.867510 
171.086295 	 -83.867510 
171.086337 	 -83.868097 
171.086337 	 -83.868097 
171.086337 	 -83.868097 
171.086337 	 -83.868097 
171.086375 	 -83.868687 
171.086375 	 -83.868687 
171.086375 	 -83.868687 
171.086390 	 -83.869273 
171.086390 	 -83.869273 
171.086390 	 -83.869273 
171.086390 	 -83.869273 
171.086377 	 -83.869852 
171.086377 	 -83.869852 
171.086377 	 -83.869852 
171.086340 	 -83.870427 
171.086340 	 -83.870427 
171.086340 	 -83.870427 
171.086340 	 -83.870427 
171.086303 	 -83.870997 
171.086303 	 -83.870997 
171.086303 	 -83.870997 
171.086290 	 -83.871562 
171.086290 	 -83.871562 
171.086290 	 -83.871562 
171.086290 	 -83.871562 
171.086338 	 -83.872123 
171.086338 	 -83.872123 
171.086338 	 -83.872123 
171.086438 	 -83.872682 
171.086438 	 -83.872682 
171.086438 	 -83.872682 
171.086438 	 -83.872682 
171.086588 	 -83.873237 
171.086588 	 -83.873237 
171.086588 	 -83.873237 
171.086778 	 -83.873792 
171.086778 	 -83.873792 
171.086778 	 -83.873792 
171.086778 	 -83.873792 
171.086988 	 -83.874343 
171.086988 	 -83.874343 
171.086988 	 -83.874343 
171.087195 	 -83.874895 
171.087195 	 -83.874895 
171.087195 	 -83.874895 
171.087195 	 -83.874895 
171.087400 	 -83.875443 
171.087400 	 -83.875443 
171.087400 	 -83.875443 
171.087617 	 -83.875990 
171.087617 	 -83.875990 
171.087617 	 -83.875990 
171.087617 	 -83.875990 
171.087842 	 -83.876535 
171.087842 	 -83.876535 
171.087842 	 -83.876535 
171.088042 	 -83.877078 
171.088042 	 -83.877078 
171.088042 	 -83.877078 
171.088042 	 -83.877078 
171.088238 	 -83.877623 
171.088238 	 -83.877623 
171.088238 	 -83.877623 
171.088437 	 -83.878168 
171.088437 	 -83.878168 
171.088437 	 -83.878168 
171.088437 	 -83.878168 
171.088608 	 -83.878715 
171.088608 	 -83.878715 
171.088608 	 -83.878715 
171.088750 	 -83.879262 
171.088750 	 -83.879262 
171.088750 	 -83.879262 
171.088750 	 -83.879262 
171.088883 	 -83.879810 
171.088883 	 -83.879810 
171.088883 	 -83.879810 
171.089025 	 -83.880362 
171.089025 	 -83.880362 
171.089025 	 -83.880362 
171.089025 	 -83.880362 
171.089180 	 -83.880917 
171.089180 	 -83.880917 
171.089180 	 -83.880917 
171.089335 	 -83.881472 
171.089335 	 -83.881472 
171.089335 	 -83.881472 
171.089335 	 -83.881472 
171.089487 	 -83.882028 
171.089487 	 -83.882028 
171.089487 	 -83.882028 
171.089652 	 -83.882587 
171.089652 	 -83.882587 
171.089652 	 -83.882587 
171.089652 	 -83.882587 
171.089822 	 -83.883145 
171.089822 	 -83.883145 
171.089822 	 -83.883145 
171.090012 	 -83.883705 
171.090012 	 -83.883705 
171.090012 	 -83.883705 
171.090237 	 -83.884263 
171.090237 	 -83.884263 
171.090237 	 -83.884263 
171.090237 	 -83.884263 
171.090473 	 -83.884823 
171.090473 	 -83.884823 
171.090473 	 -83.884823 
171.090692 	 -83.885383 
171.090692 	 -83.885383 
171.090692 	 -83.885383 
171.090692 	 -83.885383 
171.090918 	 -83.885945 
171.090918 	 -83.885945 
171.090918 	 -83.885945 
171.091185 	 -83.886507 
171.091185 	 -83.886507 
171.091185 	 -83.886507 
171.091185 	 -83.886507 
171.091462 	 -83.887067 
171.091462 	 -83.887067 
171.091462 	 -83.887067 
171.091728 	 -83.887630 
171.091728 	 -83.887630 
171.091728 	 -83.887630 
171.091728 	 -83.887630 
171.091990 	 -83.888192 
171.091990 	 -83.888192 
171.091990 	 -83.888192 
171.092258 	 -83.888755 
171.092258 	 -83.888755 
171.092258 	 -83.888755 
171.092258 	 -83.888755 
171.092538 	 -83.889322 
171.092538 	 -83.889322 
171.092538 	 -83.889322 
171.092840 	 -83.889890 
171.092840 	 -83.889890 
171.092840 	 -83.889890 
171.092840 	 -83.889890 
171.093152 	 -83.890462 
171.093152 	 -83.890462 
171.093152 	 -83.890462 
171.093460 	 -83.891035 
171.093460 	 -83.891035 
171.093460 	 -83.891035 
171.093460 	 -83.891035 
171.093772 	 -83.891612 
171.093772 	 -83.891612 
171.093772 	 -83.891612 
171.094068 	 -83.892187 
171.094068 	 -83.892187 
171.094068 	 -83.892187 
171.094068 	 -83.892187 
171.094337 	 -83.892763 
171.094337 	 -83.892763 
171.094337 	 -83.892763 
171.094570 	 -83.893343 
171.094570 	 -83.893343 
171.094570 	 -83.893343 
171.094762 	 -83.893920 
171.094762 	 -83.893920 
171.094762 	 -83.893920 
171.094762 	 -83.893920 
171.094878 	 -83.894495 
171.094878 	 -83.894495 
171.094878 	 -83.894495 
171.094962 	 -83.895065 
171.094962 	 -83.895065 
171.094962 	 -83.895065 
171.094962 	 -83.895065 
171.095040 	 -83.895635 
171.095040 	 -83.895635 
171.095040 	 -83.895635 
171.095058 	 -83.896203 
171.095058 	 -83.896203 
171.095058 	 -83.896203 
171.095058 	 -83.896203 
171.095028 	 -83.896770 
171.095028 	 -83.896770 
171.095028 	 -83.896770 
171.095028 	 -83.897337 
171.095028 	 -83.897337 
171.095028 	 -83.897337 
171.095028 	 -83.897337 
171.095033 	 -83.897905 
171.095033 	 -83.897905 
171.095033 	 -83.897905 
171.095025 	 -83.898477 
171.095025 	 -83.898477 
171.095025 	 -83.898477 
171.095025 	 -83.898477 
171.095028 	 -83.899048 
171.095028 	 -83.899048 
171.095028 	 -83.899048 
171.095042 	 -83.899622 
171.095042 	 -83.899622 
171.095042 	 -83.899622 
171.095042 	 -83.899622 
171.095047 	 -83.900193 
171.095047 	 -83.900193 
171.095047 	 -83.900193 
171.095028 	 -83.900768 
171.095028 	 -83.900768 
171.095028 	 -83.900768 
171.095028 	 -83.900768 
171.094983 	 -83.901342 
171.094983 	 -83.901342 
171.094983 	 -83.901342 
171.094908 	 -83.901917 
171.094908 	 -83.901917 
171.094908 	 -83.901917 
171.094908 	 -83.901917 
171.094853 	 -83.902490 
171.094853 	 -83.902490 
171.094853 	 -83.902490 
171.094822 	 -83.903062 
171.094822 	 -83.903062 
171.094822 	 -83.903062 
171.094822 	 -83.903062 
171.094788 	 -83.903633 
171.094788 	 -83.903633 
171.094788 	 -83.903633 
171.094768 	 -83.904203 
171.094768 	 -83.904203 
171.094768 	 -83.904203 
171.094768 	 -83.904203 
171.094782 	 -83.904775 
171.094782 	 -83.904775 
171.094782 	 -83.904775 
171.094825 	 -83.905347 
171.094825 	 -83.905347 
171.094825 	 -83.905347 
171.094825 	 -83.905347 
171.094897 	 -83.905918 
171.094897 	 -83.905918 
171.094897 	 -83.905918 
171.094993 	 -83.906492 
171.094993 	 -83.906492 
171.094993 	 -83.906492 
171.094993 	 -83.906492 
171.095080 	 -83.907063 
171.095080 	 -83.907063 
171.095080 	 -83.907063 
171.095153 	 -83.907635 
171.095153 	 -83.907635 
171.095153 	 -83.907635 
171.095153 	 -83.907635 
171.095202 	 -83.908205 
171.095202 	 -83.908205 
171.095202 	 -83.908205 
171.095212 	 -83.908775 
171.095212 	 -83.908775 
171.095212 	 -83.908775 
171.095212 	 -83.908775 
171.095217 	 -83.909343 
171.095217 	 -83.909343 
171.095217 	 -83.909343 
171.095230 	 -83.909912 
171.095230 	 -83.909912 
171.095230 	 -83.909912 
171.095230 	 -83.909912 
171.095250 	 -83.910480 
171.095250 	 -83.910480 
171.095250 	 -83.910480 
171.095287 	 -83.911048 
171.095287 	 -83.911048 
171.095287 	 -83.911048 
171.095287 	 -83.911048 
171.095337 	 -83.911618 
171.095337 	 -83.911618 
171.095337 	 -83.911618 
171.095412 	 -83.912187 
171.095412 	 -83.912187 
171.095412 	 -83.912187 
171.095412 	 -83.912187 
171.095488 	 -83.912757 
171.095488 	 -83.912757 
171.095488 	 -83.912757 
171.095565 	 -83.913325 
171.095565 	 -83.913325 
171.095565 	 -83.913325 
171.095648 	 -83.913895 
171.095648 	 -83.913895 
171.095648 	 -83.913895 
171.095648 	 -83.913895 
171.095737 	 -83.914465 
171.095737 	 -83.914465 
171.095737 	 -83.914465 
171.095820 	 -83.915035 
171.095820 	 -83.915035 
171.095820 	 -83.915035 
171.095820 	 -83.915035 
171.095887 	 -83.915602 
171.095887 	 -83.915602 
171.095887 	 -83.915602 
171.095887 	 -83.915602 
171.095942 	 -83.916167 
171.095942 	 -83.916167 
171.095942 	 -83.916167 
171.096013 	 -83.916730 
171.096013 	 -83.916730 
171.096013 	 -83.916730 
171.096082 	 -83.917292 
171.096082 	 -83.917292 
171.096082 	 -83.917292 
171.096082 	 -83.917292 
171.096162 	 -83.917855 
171.096162 	 -83.917855 
171.096162 	 -83.917855 
171.096257 	 -83.918417 
171.096257 	 -83.918417 
171.096257 	 -83.918417 
171.096257 	 -83.918417 
171.096340 	 -83.918977 
171.096340 	 -83.918977 
171.096340 	 -83.918977 
171.096428 	 -83.919537 
171.096428 	 -83.919537 
171.096428 	 -83.919537 
171.096428 	 -83.919537 
171.096537 	 -83.920095 
171.096537 	 -83.920095 
171.096537 	 -83.920095 
171.096667 	 -83.920650 
171.096667 	 -83.920650 
171.096667 	 -83.920650 
171.096667 	 -83.920650 
171.096802 	 -83.921203 
171.096802 	 -83.921203 
171.096802 	 -83.921203 
171.096923 	 -83.921758 
171.096923 	 -83.921758 
171.096923 	 -83.921758 
171.096923 	 -83.921758 
171.097032 	 -83.922312 
171.097032 	 -83.922312 
171.097032 	 -83.922312 
171.097145 	 -83.922865 
171.097145 	 -83.922865 
171.097145 	 -83.922865 
171.097145 	 -83.922865 
171.097253 	 -83.923418 
171.097253 	 -83.923418 
171.097253 	 -83.923418 
171.097363 	 -83.923972 
171.097363 	 -83.923972 
171.097363 	 -83.923972 
171.097363 	 -83.923972 
171.097462 	 -83.924525 
171.097462 	 -83.924525 
171.097462 	 -83.924525 
171.097575 	 -83.925078 
171.097575 	 -83.925078 
171.097575 	 -83.925078 
171.097575 	 -83.925078 
171.097712 	 -83.925630 
171.097712 	 -83.925630 
171.097712 	 -83.925630 
171.097862 	 -83.926183 
171.097862 	 -83.926183 
171.097862 	 -83.926183 
171.097862 	 -83.926183 
171.098023 	 -83.926733 
171.098023 	 -83.926733 
171.098023 	 -83.926733 
171.098208 	 -83.927280 
171.098208 	 -83.927280 
171.098208 	 -83.927280 
171.098208 	 -83.927280 
171.098415 	 -83.927825 
171.098415 	 -83.927825 
171.098415 	 -83.927825 
171.098618 	 -83.928368 
171.098618 	 -83.928368 
171.098618 	 -83.928368 
171.098618 	 -83.928368 
171.098783 	 -83.928907 
171.098783 	 -83.928907 
171.098783 	 -83.928907 
171.098915 	 -83.929443 
171.098915 	 -83.929443 
171.098915 	 -83.929443 
171.098915 	 -83.929443 
171.099027 	 -83.929980 
171.099027 	 -83.929980 
171.099027 	 -83.929980 
171.099140 	 -83.930513 
171.099140 	 -83.930513 
171.099140 	 -83.930513 
171.099140 	 -83.930513 
171.099278 	 -83.931047 
171.099278 	 -83.931047 
171.099278 	 -83.931047 
171.099432 	 -83.931578 
171.099432 	 -83.931578 
171.099432 	 -83.931578 
171.099432 	 -83.931578 
171.099570 	 -83.932108 
171.099570 	 -83.932108 
171.099570 	 -83.932108 
171.099710 	 -83.932640 
171.099710 	 -83.932640 
171.099710 	 -83.932640 
171.099710 	 -83.932640 
171.099852 	 -83.933170 
171.099852 	 -83.933170 
171.099852 	 -83.933170 
171.099993 	 -83.933703 
171.099993 	 -83.933703 
171.099993 	 -83.933703 
171.099993 	 -83.933703 
171.100147 	 -83.934240 
171.100147 	 -83.934240 
171.100147 	 -83.934240 
171.100312 	 -83.934777 
171.100312 	 -83.934777 
171.100312 	 -83.934777 
171.100312 	 -83.934777 
171.100488 	 -83.935315 
171.100488 	 -83.935315 
171.100488 	 -83.935315 
171.100673 	 -83.935853 
171.100673 	 -83.935853 
171.100673 	 -83.935853 
171.100673 	 -83.935853 
171.100863 	 -83.936393 
171.100863 	 -83.936393 
171.100863 	 -83.936393 
171.101067 	 -83.936932 
171.101067 	 -83.936932 
171.101067 	 -83.936932 
171.101067 	 -83.936932 
171.101275 	 -83.937472 
171.101275 	 -83.937472 
171.101275 	 -83.937472 
171.101485 	 -83.938013 
171.101485 	 -83.938013 
171.101485 	 -83.938013 
171.101485 	 -83.938013 
171.101702 	 -83.938553 
171.101702 	 -83.938553 
171.101702 	 -83.938553 
171.101922 	 -83.939093 
171.101922 	 -83.939093 
171.101922 	 -83.939093 
171.101922 	 -83.939093 
171.102167 	 -83.939635 
171.102167 	 -83.939635 
171.102167 	 -83.939635 
171.102445 	 -83.940175 
171.102445 	 -83.940175 
171.102445 	 -83.940175 
171.102445 	 -83.940175 
171.102738 	 -83.940717 
171.102738 	 -83.940717 
171.102738 	 -83.940717 
171.103038 	 -83.941257 
171.103038 	 -83.941257 
171.103038 	 -83.941257 
171.103038 	 -83.941257 
171.103335 	 -83.941797 
171.103335 	 -83.941797 
171.103335 	 -83.941797 
171.103595 	 -83.942333 
171.103595 	 -83.942333 
171.103595 	 -83.942333 
171.103595 	 -83.942333 
171.103820 	 -83.942873 
171.103820 	 -83.942873 
171.103820 	 -83.942873 
171.104007 	 -83.943410 
171.104007 	 -83.943410 
171.104007 	 -83.943410 
171.104007 	 -83.943410 
171.104178 	 -83.943945 
171.104178 	 -83.943945 
171.104178 	 -83.943945 
171.104340 	 -83.944482 
171.104340 	 -83.944482 
171.104340 	 -83.944482 
171.104340 	 -83.944482 
171.104480 	 -83.945017 
171.104480 	 -83.945017 
171.104480 	 -83.945017 
171.104587 	 -83.945552 
171.104587 	 -83.945552 
171.104587 	 -83.945552 
171.104695 	 -83.946088 
171.104695 	 -83.946088 
171.104695 	 -83.946088 
171.104695 	 -83.946088 
171.104815 	 -83.946623 
171.104815 	 -83.946623 
171.104815 	 -83.946623 
171.104920 	 -83.947155 
171.104920 	 -83.947155 
171.104920 	 -83.947155 
171.104920 	 -83.947155 
171.105015 	 -83.947693 
171.105015 	 -83.947693 
171.105015 	 -83.947693 
171.105015 	 -83.947693 
171.105128 	 -83.948228 
171.105128 	 -83.948228 
171.105128 	 -83.948228 
171.105273 	 -83.948765 
171.105273 	 -83.948765 
171.105273 	 -83.948765 
171.105273 	 -83.948765 
171.105467 	 -83.949303 
171.105467 	 -83.949303 
171.105467 	 -83.949303 
171.105693 	 -83.949843 
171.105693 	 -83.949843 
171.105693 	 -83.949843 
171.105935 	 -83.950383 
171.105935 	 -83.950383 
171.105935 	 -83.950383 
171.105935 	 -83.950383 
171.106180 	 -83.950923 
171.106180 	 -83.950923 
171.106180 	 -83.950923 
171.106420 	 -83.951465 
171.106420 	 -83.951465 
171.106420 	 -83.951465 
171.106420 	 -83.951465 
171.106647 	 -83.952005 
171.106647 	 -83.952005 
171.106647 	 -83.952005 
171.106850 	 -83.952547 
171.106850 	 -83.952547 
171.106850 	 -83.952547 
171.106850 	 -83.952547 
171.107038 	 -83.953087 
171.107038 	 -83.953087 
171.107038 	 -83.953087 
171.107215 	 -83.953627 
171.107215 	 -83.953627 
171.107215 	 -83.953627 
171.107393 	 -83.954168 
171.107393 	 -83.954168 
171.107393 	 -83.954168 
171.107393 	 -83.954168 
171.107555 	 -83.954710 
171.107555 	 -83.954710 
171.107555 	 -83.954710 
171.107688 	 -83.955252 
171.107688 	 -83.955252 
171.107688 	 -83.955252 
171.107688 	 -83.955252 
171.107817 	 -83.955795 
171.107817 	 -83.955795 
171.107817 	 -83.955795 
171.107952 	 -83.956338 
171.107952 	 -83.956338 
171.107952 	 -83.956338 
171.107952 	 -83.956338 
171.108085 	 -83.956882 
171.108085 	 -83.956882 
171.108085 	 -83.956882 
171.108235 	 -83.957427 
171.108235 	 -83.957427 
171.108235 	 -83.957427 
171.108235 	 -83.957427 
171.108435 	 -83.957972 
171.108435 	 -83.957972 
171.108435 	 -83.957972 
171.108668 	 -83.958515 
171.108668 	 -83.958515 
171.108668 	 -83.958515 
171.108668 	 -83.958515 
171.108880 	 -83.959058 
171.108880 	 -83.959058 
171.108880 	 -83.959058 
171.109063 	 -83.959603 
171.109063 	 -83.959603 
171.109063 	 -83.959603 
171.109063 	 -83.959603 
171.109247 	 -83.960147 
171.109247 	 -83.960147 
171.109247 	 -83.960147 
171.109453 	 -83.960692 
171.109453 	 -83.960692 
171.109453 	 -83.960692 
171.109453 	 -83.960692 
171.109672 	 -83.961237 
171.109672 	 -83.961237 
171.109672 	 -83.961237 
171.109907 	 -83.961780 
171.109907 	 -83.961780 
171.109907 	 -83.961780 
171.109907 	 -83.961780 
171.110160 	 -83.962325 
171.110160 	 -83.962325 
171.110160 	 -83.962325 
171.110423 	 -83.962872 
171.110423 	 -83.962872 
171.110423 	 -83.962872 
171.110423 	 -83.962872 
171.110693 	 -83.963420 
171.110693 	 -83.963420 
171.110693 	 -83.963420 
171.110972 	 -83.963963 
171.110972 	 -83.963963 
171.110972 	 -83.963963 
171.110972 	 -83.963963 
171.111270 	 -83.964510 
171.111270 	 -83.964510 
171.111270 	 -83.964510 
171.111597 	 -83.965058 
171.111597 	 -83.965058 
171.111597 	 -83.965058 
171.111597 	 -83.965058 
171.111927 	 -83.965605 
171.111927 	 -83.965605 
171.111927 	 -83.965605 
171.112240 	 -83.966152 
171.112240 	 -83.966152 
171.112240 	 -83.966152 
171.112240 	 -83.966152 
171.112543 	 -83.966698 
171.112543 	 -83.966698 
171.112543 	 -83.966698 
171.112838 	 -83.967247 
171.112838 	 -83.967247 
171.112838 	 -83.967247 
171.112838 	 -83.967247 
171.113153 	 -83.967795 
171.113153 	 -83.967795 
171.113153 	 -83.967795 
171.113483 	 -83.968343 
171.113483 	 -83.968343 
171.113483 	 -83.968343 
171.113483 	 -83.968343 
171.113805 	 -83.968892 
171.113805 	 -83.968892 
171.113805 	 -83.968892 
171.114105 	 -83.969440 
171.114105 	 -83.969440 
171.114105 	 -83.969440 
171.114105 	 -83.969440 
171.114373 	 -83.969988 
171.114373 	 -83.969988 
171.114373 	 -83.969988 
171.114373 	 -83.969988 
171.114603 	 -83.970535 
171.114603 	 -83.970535 
171.114603 	 -83.970535 
171.114800 	 -83.971082 
171.114800 	 -83.971082 
171.114800 	 -83.971082 
171.114963 	 -83.971630 
171.114963 	 -83.971630 
171.114963 	 -83.971630 
171.114963 	 -83.971630 
171.115092 	 -83.972178 
171.115092 	 -83.972178 
171.115092 	 -83.972178 
171.115217 	 -83.972727 
171.115217 	 -83.972727 
171.115217 	 -83.972727 
171.115217 	 -83.972727 
171.115335 	 -83.973277 
171.115335 	 -83.973277 
171.115335 	 -83.973277 
171.115335 	 -83.973277 
171.115405 	 -83.973827 
171.115405 	 -83.973827 
171.115405 	 -83.973827 
171.115418 	 -83.974378 
171.115418 	 -83.974378 
171.115418 	 -83.974378 
171.115397 	 -83.974928 
171.115397 	 -83.974928 
171.115397 	 -83.974928 
171.115397 	 -83.974928 
171.115358 	 -83.975482 
171.115358 	 -83.975482 
171.115358 	 -83.975482 
171.115307 	 -83.976035 
171.115307 	 -83.976035 
171.115307 	 -83.976035 
171.115307 	 -83.976035 
171.115250 	 -83.976588 
171.115250 	 -83.976588 
171.115250 	 -83.976588 
171.115212 	 -83.977143 
171.115212 	 -83.977143 
171.115212 	 -83.977143 
171.115212 	 -83.977143 
171.115173 	 -83.977698 
171.115173 	 -83.977698 
171.115173 	 -83.977698 
171.115120 	 -83.978253 
171.115120 	 -83.978253 
171.115120 	 -83.978253 
171.115120 	 -83.978253 
171.115030 	 -83.978810 
171.115030 	 -83.978810 
171.115030 	 -83.978810 
171.115030 	 -83.978810 
171.114918 	 -83.979365 
171.114918 	 -83.979365 
171.114918 	 -83.979365 
171.114805 	 -83.979920 
171.114805 	 -83.979920 
171.114805 	 -83.979920 
171.114695 	 -83.980475 
171.114695 	 -83.980475 
171.114695 	 -83.980475 
171.114695 	 -83.980475 
171.114580 	 -83.981028 
171.114580 	 -83.981028 
171.114580 	 -83.981028 
171.114472 	 -83.981582 
171.114472 	 -83.981582 
171.114472 	 -83.981582 
171.114472 	 -83.981582 
171.114322 	 -83.982135 
171.114322 	 -83.982135 
171.114322 	 -83.982135 
171.114122 	 -83.982687 
171.114122 	 -83.982687 
171.114122 	 -83.982687 
171.114122 	 -83.982687 
171.113853 	 -83.983237 
171.113853 	 -83.983237 
171.113853 	 -83.983237 
171.113485 	 -83.983783 
171.113485 	 -83.983783 
171.113485 	 -83.983783 
171.113485 	 -83.983783 
171.113097 	 -83.984328 
171.113097 	 -83.984328 
171.113097 	 -83.984328 
171.112672 	 -83.984875 
171.112672 	 -83.984875 
171.112672 	 -83.984875 
171.112672 	 -83.984875 
171.112218 	 -83.985422 
171.112218 	 -83.985422 
171.112218 	 -83.985422 
171.111752 	 -83.985968 
