Lon	 Lat
172.801827 	 -83.528942 
172.801827 	 -83.528942 
172.801827 	 -83.528942 
172.801827 	 -83.528942 
172.797373 	 -83.529152 
172.797373 	 -83.529152 
172.797373 	 -83.529152 
172.792927 	 -83.529362 
172.792927 	 -83.529362 
172.792927 	 -83.529362 
172.788490 	 -83.529573 
172.788490 	 -83.529573 
172.788490 	 -83.529573 
172.788490 	 -83.529573 
172.784067 	 -83.529787 
172.784067 	 -83.529787 
172.784067 	 -83.529787 
172.779647 	 -83.530000 
172.779647 	 -83.530000 
172.779647 	 -83.530000 
172.775237 	 -83.530215 
172.775237 	 -83.530215 
172.775237 	 -83.530215 
172.775237 	 -83.530215 
172.770833 	 -83.530432 
172.770833 	 -83.530432 
172.770833 	 -83.530432 
172.766432 	 -83.530650 
172.766432 	 -83.530650 
172.766432 	 -83.530650 
172.762033 	 -83.530870 
172.762033 	 -83.530870 
172.762033 	 -83.530870 
172.762033 	 -83.530870 
172.757620 	 -83.531087 
172.757620 	 -83.531087 
172.757620 	 -83.531087 
172.753198 	 -83.531308 
172.753198 	 -83.531308 
172.753198 	 -83.531308 
172.753198 	 -83.531308 
172.748793 	 -83.531530 
172.748793 	 -83.531530 
172.748793 	 -83.531530 
172.744380 	 -83.531753 
172.744380 	 -83.531753 
172.744380 	 -83.531753 
172.739965 	 -83.531977 
172.739965 	 -83.531977 
172.739965 	 -83.531977 
172.739965 	 -83.531977 
172.735548 	 -83.532200 
172.735548 	 -83.532200 
172.735548 	 -83.532200 
172.731127 	 -83.532425 
172.731127 	 -83.532425 
172.731127 	 -83.532425 
172.726723 	 -83.532653 
172.726723 	 -83.532653 
172.726723 	 -83.532653 
172.726723 	 -83.532653 
172.722328 	 -83.532883 
172.722328 	 -83.532883 
172.722328 	 -83.532883 
172.717950 	 -83.533113 
172.717950 	 -83.533113 
172.717950 	 -83.533113 
172.713588 	 -83.533348 
172.713588 	 -83.533348 
172.713588 	 -83.533348 
172.709253 	 -83.533585 
172.709253 	 -83.533585 
172.709253 	 -83.533585 
172.709253 	 -83.533585 
172.704980 	 -83.533835 
172.704980 	 -83.533835 
172.704980 	 -83.533835 
172.700780 	 -83.534100 
172.700780 	 -83.534100 
172.700780 	 -83.534100 
172.696690 	 -83.534380 
172.696690 	 -83.534380 
172.696690 	 -83.534380 
172.696690 	 -83.534380 
172.692705 	 -83.534677 
172.692705 	 -83.534677 
172.692705 	 -83.534677 
172.688835 	 -83.534987 
172.688835 	 -83.534987 
172.688835 	 -83.534987 
172.685082 	 -83.535310 
172.685082 	 -83.535310 
172.685082 	 -83.535310 
172.685082 	 -83.535310 
172.681448 	 -83.535648 
172.681448 	 -83.535648 
172.681448 	 -83.535648 
172.677903 	 -83.535990 
172.677903 	 -83.535990 
172.677903 	 -83.535990 
172.677903 	 -83.535990 
172.674413 	 -83.536333 
172.674413 	 -83.536333 
172.674413 	 -83.536333 
172.670945 	 -83.536672 
172.670945 	 -83.536672 
172.670945 	 -83.536672 
172.667475 	 -83.537003 
172.667475 	 -83.537003 
172.667475 	 -83.537003 
172.664003 	 -83.537327 
172.664003 	 -83.537327 
172.664003 	 -83.537327 
172.664003 	 -83.537327 
172.660533 	 -83.537643 
172.660533 	 -83.537643 
172.660533 	 -83.537643 
172.657067 	 -83.537957 
172.657067 	 -83.537957 
172.657067 	 -83.537957 
172.653597 	 -83.538268 
172.653597 	 -83.538268 
172.653597 	 -83.538268 
172.653597 	 -83.538268 
172.650127 	 -83.538578 
172.650127 	 -83.538578 
172.650127 	 -83.538578 
172.646655 	 -83.538888 
172.646655 	 -83.538888 
172.646655 	 -83.538888 
172.643168 	 -83.539200 
172.643168 	 -83.539200 
172.643168 	 -83.539200 
172.643168 	 -83.539200 
172.639680 	 -83.539512 
172.639680 	 -83.539512 
172.639680 	 -83.539512 
172.636165 	 -83.539828 
172.636165 	 -83.539828 
172.636165 	 -83.539828 
172.632623 	 -83.540143 
172.632623 	 -83.540143 
172.632623 	 -83.540143 
172.632623 	 -83.540143 
172.629057 	 -83.540457 
172.629057 	 -83.540457 
172.629057 	 -83.540457 
172.625465 	 -83.540772 
172.625465 	 -83.540772 
172.625465 	 -83.540772 
172.621858 	 -83.541087 
172.621858 	 -83.541087 
172.621858 	 -83.541087 
172.621858 	 -83.541087 
172.618248 	 -83.541405 
172.618248 	 -83.541405 
172.618248 	 -83.541405 
172.614618 	 -83.541725 
172.614618 	 -83.541725 
172.614618 	 -83.541725 
172.610990 	 -83.542048 
172.610990 	 -83.542048 
172.610990 	 -83.542048 
172.610990 	 -83.542048 
172.607372 	 -83.542375 
172.607372 	 -83.542375 
172.607372 	 -83.542375 
172.603758 	 -83.542705 
172.603758 	 -83.542705 
172.603758 	 -83.542705 
172.600150 	 -83.543037 
172.600150 	 -83.543037 
172.600150 	 -83.543037 
172.600150 	 -83.543037 
172.596540 	 -83.543372 
172.596540 	 -83.543372 
172.596540 	 -83.543372 
172.592938 	 -83.543710 
172.592938 	 -83.543710 
172.592938 	 -83.543710 
172.589345 	 -83.544050 
172.589345 	 -83.544050 
172.589345 	 -83.544050 
172.585753 	 -83.544393 
172.585753 	 -83.544393 
172.585753 	 -83.544393 
172.585753 	 -83.544393 
172.582163 	 -83.544735 
172.582163 	 -83.544735 
172.582163 	 -83.544735 
172.578565 	 -83.545078 
172.578565 	 -83.545078 
172.578565 	 -83.545078 
172.574965 	 -83.545420 
172.574965 	 -83.545420 
172.574965 	 -83.545420 
172.574965 	 -83.545420 
172.571358 	 -83.545763 
172.571358 	 -83.545763 
172.571358 	 -83.545763 
172.567752 	 -83.546105 
172.567752 	 -83.546105 
172.567752 	 -83.546105 
172.564145 	 -83.546447 
172.564145 	 -83.546447 
172.564145 	 -83.546447 
172.564145 	 -83.546447 
172.560530 	 -83.546787 
172.560530 	 -83.546787 
172.560530 	 -83.546787 
172.556907 	 -83.547128 
172.556907 	 -83.547128 
172.556907 	 -83.547128 
172.556907 	 -83.547128 
172.553275 	 -83.547468 
172.553275 	 -83.547468 
172.553275 	 -83.547468 
172.549650 	 -83.547810 
172.549650 	 -83.547810 
172.549650 	 -83.547810 
172.546025 	 -83.548153 
172.546025 	 -83.548153 
172.546025 	 -83.548153 
172.546025 	 -83.548153 
172.542398 	 -83.548495 
172.542398 	 -83.548495 
172.542398 	 -83.548495 
172.538748 	 -83.548838 
172.538748 	 -83.548838 
172.538748 	 -83.548838 
172.535083 	 -83.549180 
172.535083 	 -83.549180 
172.535083 	 -83.549180 
172.531390 	 -83.549523 
172.531390 	 -83.549523 
172.531390 	 -83.549523 
172.531390 	 -83.549523 
172.527690 	 -83.549867 
172.527690 	 -83.549867 
172.527690 	 -83.549867 
172.523980 	 -83.550210 
172.523980 	 -83.550210 
172.523980 	 -83.550210 
172.520265 	 -83.550552 
172.520265 	 -83.550552 
172.520265 	 -83.550552 
172.520265 	 -83.550552 
172.516532 	 -83.550893 
172.516532 	 -83.550893 
172.516532 	 -83.550893 
172.512773 	 -83.551233 
172.512773 	 -83.551233 
172.512773 	 -83.551233 
172.509027 	 -83.551573 
172.509027 	 -83.551573 
172.509027 	 -83.551573 
172.509027 	 -83.551573 
172.505287 	 -83.551913 
172.505287 	 -83.551913 
172.505287 	 -83.551913 
172.501540 	 -83.552250 
172.501540 	 -83.552250 
172.501540 	 -83.552250 
172.497778 	 -83.552588 
172.497778 	 -83.552588 
172.497778 	 -83.552588 
172.497778 	 -83.552588 
172.494017 	 -83.552925 
172.494017 	 -83.552925 
172.494017 	 -83.552925 
172.490245 	 -83.553262 
172.490245 	 -83.553262 
172.490245 	 -83.553262 
172.490245 	 -83.553262 
172.486475 	 -83.553600 
172.486475 	 -83.553600 
172.486475 	 -83.553600 
172.482703 	 -83.553938 
172.482703 	 -83.553938 
172.482703 	 -83.553938 
172.478918 	 -83.554278 
172.478918 	 -83.554278 
172.478918 	 -83.554278 
172.475145 	 -83.554620 
172.475145 	 -83.554620 
172.475145 	 -83.554620 
172.475145 	 -83.554620 
172.471357 	 -83.554962 
172.471357 	 -83.554962 
172.471357 	 -83.554962 
172.467573 	 -83.555303 
172.467573 	 -83.555303 
172.467573 	 -83.555303 
172.467573 	 -83.555303 
172.463777 	 -83.555643 
172.463777 	 -83.555643 
172.463777 	 -83.555643 
172.459967 	 -83.555983 
172.459967 	 -83.555983 
172.459967 	 -83.555983 
172.456137 	 -83.556320 
172.456137 	 -83.556320 
172.456137 	 -83.556320 
172.456137 	 -83.556320 
172.452288 	 -83.556657 
172.452288 	 -83.556657 
172.452288 	 -83.556657 
172.448422 	 -83.556992 
172.448422 	 -83.556992 
172.448422 	 -83.556992 
172.444542 	 -83.557325 
172.444542 	 -83.557325 
172.444542 	 -83.557325 
172.444542 	 -83.557325 
172.440657 	 -83.557660 
172.440657 	 -83.557660 
172.440657 	 -83.557660 
172.436782 	 -83.557992 
172.436782 	 -83.557992 
172.436782 	 -83.557992 
172.436782 	 -83.557992 
172.432902 	 -83.558322 
172.432902 	 -83.558322 
172.432902 	 -83.558322 
172.429012 	 -83.558650 
172.429012 	 -83.558650 
172.429012 	 -83.558650 
172.425125 	 -83.558978 
172.425125 	 -83.558978 
172.425125 	 -83.558978 
172.425125 	 -83.558978 
172.421218 	 -83.559307 
172.421218 	 -83.559307 
172.421218 	 -83.559307 
172.417317 	 -83.559637 
172.417317 	 -83.559637 
172.417317 	 -83.559637 
172.413432 	 -83.559970 
172.413432 	 -83.559970 
172.413432 	 -83.559970 
172.413432 	 -83.559970 
172.409570 	 -83.560308 
172.409570 	 -83.560308 
172.409570 	 -83.560308 
172.405728 	 -83.560647 
172.405728 	 -83.560647 
172.405728 	 -83.560647 
172.401875 	 -83.560987 
172.401875 	 -83.560987 
172.401875 	 -83.560987 
172.401875 	 -83.560987 
172.398013 	 -83.561327 
172.398013 	 -83.561327 
172.398013 	 -83.561327 
172.394143 	 -83.561667 
172.394143 	 -83.561667 
172.394143 	 -83.561667 
172.390273 	 -83.562005 
172.390273 	 -83.562005 
172.390273 	 -83.562005 
172.390273 	 -83.562005 
172.386383 	 -83.562343 
172.386383 	 -83.562343 
172.386383 	 -83.562343 
172.382493 	 -83.562682 
172.382493 	 -83.562682 
172.382493 	 -83.562682 
172.378608 	 -83.563020 
172.378608 	 -83.563020 
172.378608 	 -83.563020 
172.378608 	 -83.563020 
172.374725 	 -83.563358 
172.374725 	 -83.563358 
172.374725 	 -83.563358 
172.370835 	 -83.563698 
172.370835 	 -83.563698 
172.370835 	 -83.563698 
172.366957 	 -83.564037 
172.366957 	 -83.564037 
172.366957 	 -83.564037 
172.366957 	 -83.564037 
172.363083 	 -83.564375 
172.363083 	 -83.564375 
172.363083 	 -83.564375 
172.359208 	 -83.564715 
172.359208 	 -83.564715 
172.359208 	 -83.564715 
172.355347 	 -83.565057 
172.355347 	 -83.565057 
172.355347 	 -83.565057 
172.355347 	 -83.565057 
172.351487 	 -83.565400 
172.351487 	 -83.565400 
172.351487 	 -83.565400 
172.347630 	 -83.565745 
172.347630 	 -83.565745 
172.347630 	 -83.565745 
172.347630 	 -83.565745 
172.343785 	 -83.566090 
172.343785 	 -83.566090 
172.343785 	 -83.566090 
172.339950 	 -83.566437 
172.339950 	 -83.566437 
172.339950 	 -83.566437 
172.336138 	 -83.566787 
172.336138 	 -83.566787 
172.336138 	 -83.566787 
172.336138 	 -83.566787 
172.332332 	 -83.567135 
172.332332 	 -83.567135 
172.332332 	 -83.567135 
172.328527 	 -83.567485 
172.328527 	 -83.567485 
172.328527 	 -83.567485 
172.324725 	 -83.567835 
172.324725 	 -83.567835 
172.324725 	 -83.567835 
172.320925 	 -83.568185 
172.320925 	 -83.568185 
172.320925 	 -83.568185 
172.320925 	 -83.568185 
172.317135 	 -83.568533 
172.317135 	 -83.568533 
172.317135 	 -83.568533 
172.313348 	 -83.568880 
172.313348 	 -83.568880 
172.313348 	 -83.568880 
172.309568 	 -83.569223 
172.309568 	 -83.569223 
172.309568 	 -83.569223 
172.309568 	 -83.569223 
172.305792 	 -83.569567 
172.305792 	 -83.569567 
172.305792 	 -83.569567 
172.302020 	 -83.569908 
172.302020 	 -83.569908 
172.302020 	 -83.569908 
172.298270 	 -83.570248 
172.298270 	 -83.570248 
172.298270 	 -83.570248 
172.298270 	 -83.570248 
172.294535 	 -83.570590 
172.294535 	 -83.570590 
172.294535 	 -83.570590 
172.290815 	 -83.570930 
172.290815 	 -83.570930 
172.290815 	 -83.570930 
172.290815 	 -83.570930 
172.287107 	 -83.571270 
172.287107 	 -83.571270 
172.287107 	 -83.571270 
172.283405 	 -83.571608 
172.283405 	 -83.571608 
172.283405 	 -83.571608 
172.279703 	 -83.571947 
172.279703 	 -83.571947 
172.279703 	 -83.571947 
172.275998 	 -83.572287 
172.275998 	 -83.572287 
172.275998 	 -83.572287 
172.275998 	 -83.572287 
172.272295 	 -83.572625 
172.272295 	 -83.572625 
172.272295 	 -83.572625 
172.268598 	 -83.572965 
172.268598 	 -83.572965 
172.268598 	 -83.572965 
172.264897 	 -83.573305 
172.264897 	 -83.573305 
172.264897 	 -83.573305 
172.261195 	 -83.573643 
172.261195 	 -83.573643 
172.261195 	 -83.573643 
172.261195 	 -83.573643 
172.257490 	 -83.573982 
172.257490 	 -83.573982 
172.257490 	 -83.573982 
172.253788 	 -83.574320 
172.253788 	 -83.574320 
172.253788 	 -83.574320 
172.250102 	 -83.574660 
172.250102 	 -83.574660 
172.250102 	 -83.574660 
172.250102 	 -83.574660 
172.246413 	 -83.575000 
172.246413 	 -83.575000 
172.246413 	 -83.575000 
172.242733 	 -83.575340 
172.242733 	 -83.575340 
172.242733 	 -83.575340 
172.239042 	 -83.575680 
172.239042 	 -83.575680 
172.239042 	 -83.575680 
172.239042 	 -83.575680 
172.235348 	 -83.576020 
172.235348 	 -83.576020 
172.235348 	 -83.576020 
172.231657 	 -83.576358 
172.231657 	 -83.576358 
172.231657 	 -83.576358 
172.227963 	 -83.576697 
172.227963 	 -83.576697 
172.227963 	 -83.576697 
172.227963 	 -83.576697 
172.224268 	 -83.577037 
172.224268 	 -83.577037 
172.224268 	 -83.577037 
172.220592 	 -83.577378 
172.220592 	 -83.577378 
172.220592 	 -83.577378 
172.220592 	 -83.577378 
172.216913 	 -83.577720 
172.216913 	 -83.577720 
172.216913 	 -83.577720 
172.213240 	 -83.578062 
172.213240 	 -83.578062 
172.213240 	 -83.578062 
172.209570 	 -83.578405 
172.209570 	 -83.578405 
172.209570 	 -83.578405 
172.205897 	 -83.578748 
172.205897 	 -83.578748 
172.205897 	 -83.578748 
172.205897 	 -83.578748 
172.202228 	 -83.579092 
172.202228 	 -83.579092 
172.202228 	 -83.579092 
172.198560 	 -83.579435 
172.198560 	 -83.579435 
172.198560 	 -83.579435 
172.194883 	 -83.579778 
172.194883 	 -83.579778 
172.194883 	 -83.579778 
172.194883 	 -83.579778 
172.191197 	 -83.580120 
172.191197 	 -83.580120 
172.191197 	 -83.580120 
172.187507 	 -83.580460 
172.187507 	 -83.580460 
172.187507 	 -83.580460 
172.183808 	 -83.580800 
172.183808 	 -83.580800 
172.183808 	 -83.580800 
172.183808 	 -83.580800 
172.180098 	 -83.581137 
172.180098 	 -83.581137 
172.180098 	 -83.581137 
172.176377 	 -83.581473 
172.176377 	 -83.581473 
172.176377 	 -83.581473 
172.172647 	 -83.581807 
172.172647 	 -83.581807 
172.172647 	 -83.581807 
172.172647 	 -83.581807 
172.168912 	 -83.582137 
172.168912 	 -83.582137 
172.168912 	 -83.582137 
172.165167 	 -83.582467 
172.165167 	 -83.582467 
172.165167 	 -83.582467 
172.161422 	 -83.582793 
172.161422 	 -83.582793 
172.161422 	 -83.582793 
172.161422 	 -83.582793 
172.157667 	 -83.583120 
172.157667 	 -83.583120 
172.157667 	 -83.583120 
172.153905 	 -83.583443 
172.153905 	 -83.583443 
172.153905 	 -83.583443 
172.150140 	 -83.583767 
172.150140 	 -83.583767 
172.150140 	 -83.583767 
172.150140 	 -83.583767 
172.146377 	 -83.584090 
172.146377 	 -83.584090 
172.146377 	 -83.584090 
172.142610 	 -83.584412 
172.142610 	 -83.584412 
172.142610 	 -83.584412 
172.142610 	 -83.584412 
172.138852 	 -83.584733 
172.138852 	 -83.584733 
172.138852 	 -83.584733 
172.135095 	 -83.585057 
172.135095 	 -83.585057 
172.135095 	 -83.585057 
172.131340 	 -83.585377 
172.131340 	 -83.585377 
172.131340 	 -83.585377 
172.131340 	 -83.585377 
172.127585 	 -83.585700 
172.127585 	 -83.585700 
172.127585 	 -83.585700 
172.123828 	 -83.586022 
172.123828 	 -83.586022 
172.123828 	 -83.586022 
172.120068 	 -83.586342 
172.120068 	 -83.586342 
172.120068 	 -83.586342 
172.120068 	 -83.586342 
172.116298 	 -83.586663 
172.116298 	 -83.586663 
172.116298 	 -83.586663 
172.112522 	 -83.586983 
172.112522 	 -83.586983 
172.112522 	 -83.586983 
172.108750 	 -83.587305 
172.108750 	 -83.587305 
172.108750 	 -83.587305 
172.108750 	 -83.587305 
172.104978 	 -83.587627 
172.104978 	 -83.587627 
172.104978 	 -83.587627 
172.101200 	 -83.587947 
172.101200 	 -83.587947 
172.101200 	 -83.587947 
172.097422 	 -83.588268 
172.097422 	 -83.588268 
172.097422 	 -83.588268 
172.097422 	 -83.588268 
172.093642 	 -83.588592 
172.093642 	 -83.588592 
172.093642 	 -83.588592 
172.089860 	 -83.588915 
172.089860 	 -83.588915 
172.089860 	 -83.588915 
172.089860 	 -83.588915 
172.086070 	 -83.589238 
172.086070 	 -83.589238 
172.086070 	 -83.589238 
172.082282 	 -83.589563 
172.082282 	 -83.589563 
172.082282 	 -83.589563 
172.078500 	 -83.589890 
172.078500 	 -83.589890 
172.078500 	 -83.589890 
172.078500 	 -83.589890 
172.074717 	 -83.590215 
172.074717 	 -83.590215 
172.074717 	 -83.590215 
172.070937 	 -83.590542 
172.070937 	 -83.590542 
172.070937 	 -83.590542 
172.067170 	 -83.590870 
172.067170 	 -83.590870 
172.067170 	 -83.590870 
172.063423 	 -83.591200 
172.063423 	 -83.591200 
172.063423 	 -83.591200 
172.063423 	 -83.591200 
172.059678 	 -83.591528 
172.059678 	 -83.591528 
172.059678 	 -83.591528 
172.055948 	 -83.591860 
172.055948 	 -83.591860 
172.055948 	 -83.591860 
172.052223 	 -83.592192 
172.052223 	 -83.592192 
172.052223 	 -83.592192 
172.048512 	 -83.592525 
172.048512 	 -83.592525 
172.048512 	 -83.592525 
172.048512 	 -83.592525 
172.044803 	 -83.592858 
172.044803 	 -83.592858 
172.044803 	 -83.592858 
172.041112 	 -83.593192 
172.041112 	 -83.593192 
172.041112 	 -83.593192 
172.037422 	 -83.593527 
172.037422 	 -83.593527 
172.037422 	 -83.593527 
172.037422 	 -83.593527 
172.033733 	 -83.593860 
172.033733 	 -83.593860 
172.033733 	 -83.593860 
172.030042 	 -83.594192 
172.030042 	 -83.594192 
172.030042 	 -83.594192 
172.026350 	 -83.594525 
172.026350 	 -83.594525 
172.026350 	 -83.594525 
172.026350 	 -83.594525 
172.022655 	 -83.594857 
172.022655 	 -83.594857 
172.022655 	 -83.594857 
172.018955 	 -83.595187 
172.018955 	 -83.595187 
172.018955 	 -83.595187 
172.015242 	 -83.595515 
172.015242 	 -83.595515 
172.015242 	 -83.595515 
172.015242 	 -83.595515 
172.011537 	 -83.595845 
172.011537 	 -83.595845 
172.011537 	 -83.595845 
172.007828 	 -83.596175 
172.007828 	 -83.596175 
172.007828 	 -83.596175 
172.004117 	 -83.596503 
172.004117 	 -83.596503 
172.004117 	 -83.596503 
172.004117 	 -83.596503 
172.000405 	 -83.596833 
172.000405 	 -83.596833 
172.000405 	 -83.596833 
171.996692 	 -83.597165 
171.996692 	 -83.597165 
171.996692 	 -83.597165 
171.996692 	 -83.597165 
171.992972 	 -83.597495 
171.992972 	 -83.597495 
171.992972 	 -83.597495 
171.989255 	 -83.597828 
171.989255 	 -83.597828 
171.989255 	 -83.597828 
171.985540 	 -83.598162 
171.985540 	 -83.598162 
171.985540 	 -83.598162 
171.985540 	 -83.598162 
171.981828 	 -83.598495 
171.981828 	 -83.598495 
171.981828 	 -83.598495 
171.978113 	 -83.598830 
171.978113 	 -83.598830 
171.978113 	 -83.598830 
171.974398 	 -83.599165 
171.974398 	 -83.599165 
171.974398 	 -83.599165 
171.970673 	 -83.599500 
171.970673 	 -83.599500 
171.970673 	 -83.599500 
171.970673 	 -83.599500 
171.966952 	 -83.599835 
171.966952 	 -83.599835 
171.966952 	 -83.599835 
171.963238 	 -83.600172 
171.963238 	 -83.600172 
171.963238 	 -83.600172 
171.959530 	 -83.600510 
171.959530 	 -83.600510 
171.959530 	 -83.600510 
171.959530 	 -83.600510 
171.955828 	 -83.600848 
171.955828 	 -83.600848 
171.955828 	 -83.600848 
171.952140 	 -83.601187 
171.952140 	 -83.601187 
171.952140 	 -83.601187 
171.952140 	 -83.601187 
171.948448 	 -83.601525 
171.948448 	 -83.601525 
171.948448 	 -83.601525 
171.944750 	 -83.601862 
171.944750 	 -83.601862 
171.944750 	 -83.601862 
171.941033 	 -83.602195 
171.941033 	 -83.602195 
171.941033 	 -83.602195 
171.937302 	 -83.602527 
171.937302 	 -83.602527 
171.937302 	 -83.602527 
171.937302 	 -83.602527 
171.933557 	 -83.602857 
171.933557 	 -83.602857 
171.933557 	 -83.602857 
171.929797 	 -83.603185 
171.929797 	 -83.603185 
171.929797 	 -83.603185 
171.926018 	 -83.603512 
171.926018 	 -83.603512 
171.926018 	 -83.603512 
171.926018 	 -83.603512 
171.922232 	 -83.603840 
171.922232 	 -83.603840 
171.922232 	 -83.603840 
171.918435 	 -83.604167 
171.918435 	 -83.604167 
171.918435 	 -83.604167 
171.914625 	 -83.604492 
171.914625 	 -83.604492 
171.914625 	 -83.604492 
171.914625 	 -83.604492 
171.910803 	 -83.604817 
171.910803 	 -83.604817 
171.910803 	 -83.604817 
171.906978 	 -83.605140 
171.906978 	 -83.605140 
171.906978 	 -83.605140 
171.903147 	 -83.605463 
171.903147 	 -83.605463 
171.903147 	 -83.605463 
171.903147 	 -83.605463 
171.899310 	 -83.605787 
171.899310 	 -83.605787 
171.899310 	 -83.605787 
171.895477 	 -83.606110 
171.895477 	 -83.606110 
171.895477 	 -83.606110 
171.895477 	 -83.606110 
171.891658 	 -83.606435 
171.891658 	 -83.606435 
171.891658 	 -83.606435 
171.887857 	 -83.606760 
171.887857 	 -83.606760 
171.887857 	 -83.606760 
171.884062 	 -83.607087 
171.884062 	 -83.607087 
171.884062 	 -83.607087 
171.880270 	 -83.607413 
171.880270 	 -83.607413 
171.880270 	 -83.607413 
171.880270 	 -83.607413 
171.876495 	 -83.607740 
171.876495 	 -83.607740 
171.876495 	 -83.607740 
171.872728 	 -83.608070 
171.872728 	 -83.608070 
171.872728 	 -83.608070 
171.868970 	 -83.608402 
171.868970 	 -83.608402 
171.868970 	 -83.608402 
171.865210 	 -83.608735 
171.865210 	 -83.608735 
171.865210 	 -83.608735 
171.865210 	 -83.608735 
171.861457 	 -83.609068 
171.861457 	 -83.609068 
171.861457 	 -83.609068 
171.857717 	 -83.609403 
171.857717 	 -83.609403 
171.857717 	 -83.609403 
171.853978 	 -83.609738 
171.853978 	 -83.609738 
171.853978 	 -83.609738 
171.853978 	 -83.609738 
171.850248 	 -83.610073 
171.850248 	 -83.610073 
171.850248 	 -83.610073 
171.846520 	 -83.610410 
171.846520 	 -83.610410 
171.846520 	 -83.610410 
171.846520 	 -83.610410 
171.842797 	 -83.610747 
171.842797 	 -83.610747 
171.842797 	 -83.610747 
171.839075 	 -83.611082 
171.839075 	 -83.611082 
171.839075 	 -83.611082 
171.835350 	 -83.611418 
171.835350 	 -83.611418 
171.835350 	 -83.611418 
171.831638 	 -83.611757 
171.831638 	 -83.611757 
171.831638 	 -83.611757 
171.831638 	 -83.611757 
171.827935 	 -83.612095 
171.827935 	 -83.612095 
171.827935 	 -83.612095 
171.824232 	 -83.612435 
171.824232 	 -83.612435 
171.824232 	 -83.612435 
171.824232 	 -83.612435 
171.820527 	 -83.612777 
171.820527 	 -83.612777 
171.820527 	 -83.612777 
171.816825 	 -83.613118 
171.816825 	 -83.613118 
171.816825 	 -83.613118 
171.813120 	 -83.613462 
171.813120 	 -83.613462 
171.813120 	 -83.613462 
171.809413 	 -83.613802 
171.809413 	 -83.613802 
171.809413 	 -83.613802 
171.809413 	 -83.613802 
171.805687 	 -83.614142 
171.805687 	 -83.614142 
171.805687 	 -83.614142 
171.801955 	 -83.614480 
171.801955 	 -83.614480 
171.801955 	 -83.614480 
171.801955 	 -83.614480 
171.798225 	 -83.614818 
171.798225 	 -83.614818 
171.798225 	 -83.614818 
171.794497 	 -83.615157 
171.794497 	 -83.615157 
171.794497 	 -83.615157 
171.790767 	 -83.615495 
171.790767 	 -83.615495 
171.790767 	 -83.615495 
171.790767 	 -83.615495 
171.787030 	 -83.615832 
171.787030 	 -83.615832 
171.787030 	 -83.615832 
171.783280 	 -83.616167 
171.783280 	 -83.616167 
171.783280 	 -83.616167 
171.779515 	 -83.616500 
171.779515 	 -83.616500 
171.779515 	 -83.616500 
171.779515 	 -83.616500 
171.775745 	 -83.616833 
171.775745 	 -83.616833 
171.775745 	 -83.616833 
171.771970 	 -83.617165 
171.771970 	 -83.617165 
171.771970 	 -83.617165 
171.771970 	 -83.617165 
171.768195 	 -83.617497 
171.768195 	 -83.617497 
171.768195 	 -83.617497 
171.764413 	 -83.617828 
171.764413 	 -83.617828 
171.764413 	 -83.617828 
171.760637 	 -83.618160 
171.760637 	 -83.618160 
171.760637 	 -83.618160 
171.756860 	 -83.618492 
171.756860 	 -83.618492 
171.756860 	 -83.618492 
171.756860 	 -83.618492 
171.753110 	 -83.618820 
171.753110 	 -83.618820 
171.753110 	 -83.618820 
171.749397 	 -83.619147 
171.749397 	 -83.619147 
171.749397 	 -83.619147 
171.745735 	 -83.619468 
171.745735 	 -83.619468 
171.745735 	 -83.619468 
171.745735 	 -83.619468 
171.742127 	 -83.619785 
171.742127 	 -83.619785 
171.742127 	 -83.619785 
171.738563 	 -83.620100 
171.738563 	 -83.620100 
171.738563 	 -83.620100 
171.735027 	 -83.620412 
171.735027 	 -83.620412 
171.735027 	 -83.620412 
171.735027 	 -83.620412 
171.731515 	 -83.620722 
171.731515 	 -83.620722 
171.731515 	 -83.620722 
171.728017 	 -83.621030 
171.728017 	 -83.621030 
171.728017 	 -83.621030 
171.724530 	 -83.621337 
171.724530 	 -83.621337 
171.724530 	 -83.621337 
171.721043 	 -83.621642 
171.721043 	 -83.621642 
171.721043 	 -83.621642 
171.721043 	 -83.621642 
171.717552 	 -83.621947 
171.717552 	 -83.621947 
171.717552 	 -83.621947 
171.714047 	 -83.622253 
171.714047 	 -83.622253 
171.714047 	 -83.622253 
171.714047 	 -83.622253 
171.710533 	 -83.622560 
171.710533 	 -83.622560 
171.710533 	 -83.622560 
171.707005 	 -83.622868 
171.707005 	 -83.622868 
171.707005 	 -83.622868 
171.703475 	 -83.623177 
171.703475 	 -83.623177 
171.703475 	 -83.623177 
171.699940 	 -83.623488 
171.699940 	 -83.623488 
171.699940 	 -83.623488 
171.699940 	 -83.623488 
171.696393 	 -83.623800 
171.696393 	 -83.623800 
171.696393 	 -83.623800 
171.692837 	 -83.624113 
171.692837 	 -83.624113 
171.692837 	 -83.624113 
171.692837 	 -83.624113 
171.689258 	 -83.624427 
171.689258 	 -83.624427 
171.689258 	 -83.624427 
171.685667 	 -83.624743 
171.685667 	 -83.624743 
171.685667 	 -83.624743 
171.682060 	 -83.625062 
171.682060 	 -83.625062 
171.682060 	 -83.625062 
171.682060 	 -83.625062 
171.678438 	 -83.625380 
171.678438 	 -83.625380 
171.678438 	 -83.625380 
171.674800 	 -83.625702 
171.674800 	 -83.625702 
171.674800 	 -83.625702 
171.671152 	 -83.626023 
171.671152 	 -83.626023 
171.671152 	 -83.626023 
171.671152 	 -83.626023 
171.667497 	 -83.626348 
171.667497 	 -83.626348 
171.667497 	 -83.626348 
171.663835 	 -83.626675 
171.663835 	 -83.626675 
171.663835 	 -83.626675 
171.660170 	 -83.627003 
171.660170 	 -83.627003 
171.660170 	 -83.627003 
171.660170 	 -83.627003 
171.656500 	 -83.627332 
171.656500 	 -83.627332 
171.656500 	 -83.627332 
171.652828 	 -83.627660 
171.652828 	 -83.627660 
171.652828 	 -83.627660 
171.649142 	 -83.627988 
171.649142 	 -83.627988 
171.649142 	 -83.627988 
171.649142 	 -83.627988 
171.645445 	 -83.628315 
171.645445 	 -83.628315 
171.645445 	 -83.628315 
171.641738 	 -83.628642 
171.641738 	 -83.628642 
171.641738 	 -83.628642 
171.638017 	 -83.628967 
171.638017 	 -83.628967 
171.638017 	 -83.628967 
171.634283 	 -83.629295 
171.634283 	 -83.629295 
171.634283 	 -83.629295 
171.634283 	 -83.629295 
171.630538 	 -83.629622 
171.630538 	 -83.629622 
171.630538 	 -83.629622 
171.626785 	 -83.629950 
171.626785 	 -83.629950 
171.626785 	 -83.629950 
171.626785 	 -83.629950 
171.623023 	 -83.630280 
171.623023 	 -83.630280 
171.623023 	 -83.630280 
171.619258 	 -83.630610 
171.619258 	 -83.630610 
171.619258 	 -83.630610 
171.615482 	 -83.630940 
171.615482 	 -83.630940 
171.615482 	 -83.630940 
171.615482 	 -83.630940 
171.611702 	 -83.631273 
171.611702 	 -83.631273 
171.611702 	 -83.631273 
171.607897 	 -83.631607 
171.607897 	 -83.631607 
171.607897 	 -83.631607 
171.604082 	 -83.631942 
171.604082 	 -83.631942 
171.604082 	 -83.631942 
171.604082 	 -83.631942 
171.600237 	 -83.632275 
171.600237 	 -83.632275 
171.600237 	 -83.632275 
171.596358 	 -83.632605 
171.596358 	 -83.632605 
171.596358 	 -83.632605 
171.592443 	 -83.632932 
171.592443 	 -83.632932 
171.592443 	 -83.632932 
171.592443 	 -83.632932 
171.588498 	 -83.633255 
171.588498 	 -83.633255 
171.588498 	 -83.633255 
171.584528 	 -83.633577 
171.584528 	 -83.633577 
171.584528 	 -83.633577 
171.580538 	 -83.633897 
171.580538 	 -83.633897 
171.580538 	 -83.633897 
171.580538 	 -83.633897 
171.576528 	 -83.634215 
171.576528 	 -83.634215 
171.576528 	 -83.634215 
171.572510 	 -83.634533 
171.572510 	 -83.634533 
171.572510 	 -83.634533 
171.568490 	 -83.634852 
171.568490 	 -83.634852 
171.568490 	 -83.634852 
171.568490 	 -83.634852 
171.564475 	 -83.635173 
171.564475 	 -83.635173 
171.564475 	 -83.635173 
171.560477 	 -83.635498 
171.560477 	 -83.635498 
171.560477 	 -83.635498 
171.560477 	 -83.635498 
171.556482 	 -83.635825 
171.556482 	 -83.635825 
171.556482 	 -83.635825 
171.552502 	 -83.636153 
171.552502 	 -83.636153 
171.552502 	 -83.636153 
171.548532 	 -83.636483 
171.548532 	 -83.636483 
171.548532 	 -83.636483 
171.544572 	 -83.636813 
171.544572 	 -83.636813 
171.544572 	 -83.636813 
171.544572 	 -83.636813 
171.540615 	 -83.637143 
171.540615 	 -83.637143 
171.540615 	 -83.637143 
171.536655 	 -83.637472 
171.536655 	 -83.637472 
171.536655 	 -83.637472 
171.532687 	 -83.637802 
171.532687 	 -83.637802 
171.532687 	 -83.637802 
171.528728 	 -83.638130 
171.528728 	 -83.638130 
171.528728 	 -83.638130 
171.528728 	 -83.638130 
171.524777 	 -83.638458 
171.524777 	 -83.638458 
171.524777 	 -83.638458 
171.520825 	 -83.638787 
171.520825 	 -83.638787 
171.520825 	 -83.638787 
171.516875 	 -83.639117 
171.516875 	 -83.639117 
171.516875 	 -83.639117 
171.516875 	 -83.639117 
171.512932 	 -83.639445 
171.512932 	 -83.639445 
171.512932 	 -83.639445 
171.508992 	 -83.639775 
171.508992 	 -83.639775 
171.508992 	 -83.639775 
171.505038 	 -83.640103 
171.505038 	 -83.640103 
171.505038 	 -83.640103 
171.505038 	 -83.640103 
171.501092 	 -83.640432 
171.501092 	 -83.640432 
171.501092 	 -83.640432 
171.497153 	 -83.640762 
171.497153 	 -83.640762 
171.497153 	 -83.640762 
171.497153 	 -83.640762 
171.493227 	 -83.641090 
171.493227 	 -83.641090 
171.493227 	 -83.641090 
171.489305 	 -83.641420 
171.489305 	 -83.641420 
171.489305 	 -83.641420 
171.485385 	 -83.641753 
171.485385 	 -83.641753 
171.485385 	 -83.641753 
171.485385 	 -83.641753 
171.481483 	 -83.642087 
171.481483 	 -83.642087 
171.481483 	 -83.642087 
171.477595 	 -83.642422 
171.477595 	 -83.642422 
171.477595 	 -83.642422 
171.473715 	 -83.642757 
171.473715 	 -83.642757 
171.473715 	 -83.642757 
171.473715 	 -83.642757 
171.469840 	 -83.643093 
171.469840 	 -83.643093 
171.469840 	 -83.643093 
171.465977 	 -83.643432 
171.465977 	 -83.643432 
171.465977 	 -83.643432 
171.462133 	 -83.643768 
171.462133 	 -83.643768 
171.462133 	 -83.643768 
171.462133 	 -83.643768 
171.458300 	 -83.644108 
171.458300 	 -83.644108 
171.458300 	 -83.644108 
171.454478 	 -83.644447 
171.454478 	 -83.644447 
171.454478 	 -83.644447 
171.450665 	 -83.644785 
171.450665 	 -83.644785 
171.450665 	 -83.644785 
171.446863 	 -83.645123 
171.446863 	 -83.645123 
171.446863 	 -83.645123 
171.446863 	 -83.645123 
171.443067 	 -83.645463 
171.443067 	 -83.645463 
171.443067 	 -83.645463 
171.439273 	 -83.645802 
171.439273 	 -83.645802 
171.439273 	 -83.645802 
171.439273 	 -83.645802 
171.435485 	 -83.646142 
171.435485 	 -83.646142 
171.435485 	 -83.646142 
171.431702 	 -83.646480 
171.431702 	 -83.646480 
171.431702 	 -83.646480 
171.427918 	 -83.646818 
171.427918 	 -83.646818 
171.427918 	 -83.646818 
171.427918 	 -83.646818 
171.424143 	 -83.647158 
171.424143 	 -83.647158 
171.424143 	 -83.647158 
171.420370 	 -83.647500 
171.420370 	 -83.647500 
171.420370 	 -83.647500 
171.416602 	 -83.647842 
171.416602 	 -83.647842 
171.416602 	 -83.647842 
171.412843 	 -83.648185 
171.412843 	 -83.648185 
171.412843 	 -83.648185 
171.412843 	 -83.648185 
171.409097 	 -83.648528 
171.409097 	 -83.648528 
171.409097 	 -83.648528 
171.405357 	 -83.648872 
171.405357 	 -83.648872 
171.405357 	 -83.648872 
171.401625 	 -83.649215 
171.401625 	 -83.649215 
171.401625 	 -83.649215 
171.401625 	 -83.649215 
171.397897 	 -83.649558 
171.397897 	 -83.649558 
171.397897 	 -83.649558 
171.394172 	 -83.649900 
171.394172 	 -83.649900 
171.394172 	 -83.649900 
171.390435 	 -83.650240 
171.390435 	 -83.650240 
171.390435 	 -83.650240 
171.390435 	 -83.650240 
171.386665 	 -83.650577 
171.386665 	 -83.650577 
171.386665 	 -83.650577 
171.382893 	 -83.650905 
171.382893 	 -83.650905 
171.382893 	 -83.650905 
171.382893 	 -83.650905 
171.379047 	 -83.651228 
171.379047 	 -83.651228 
171.379047 	 -83.651228 
171.375167 	 -83.651547 
171.375167 	 -83.651547 
171.375167 	 -83.651547 
171.371263 	 -83.651860 
171.371263 	 -83.651860 
171.371263 	 -83.651860 
171.367360 	 -83.652172 
171.367360 	 -83.652172 
171.367360 	 -83.652172 
171.367360 	 -83.652172 
171.363473 	 -83.652485 
171.363473 	 -83.652485 
171.363473 	 -83.652485 
171.359603 	 -83.652800 
171.359603 	 -83.652800 
171.359603 	 -83.652800 
171.355752 	 -83.653115 
171.355752 	 -83.653115 
171.355752 	 -83.653115 
171.351917 	 -83.653432 
171.351917 	 -83.653432 
171.351917 	 -83.653432 
171.351917 	 -83.653432 
171.348097 	 -83.653748 
171.348097 	 -83.653748 
171.348097 	 -83.653748 
171.344282 	 -83.654065 
171.344282 	 -83.654065 
171.344282 	 -83.654065 
171.340468 	 -83.654383 
171.340468 	 -83.654383 
171.340468 	 -83.654383 
171.340468 	 -83.654383 
171.336663 	 -83.654700 
171.336663 	 -83.654700 
171.336663 	 -83.654700 
171.332858 	 -83.655018 
171.332858 	 -83.655018 
171.332858 	 -83.655018 
171.332858 	 -83.655018 
171.329052 	 -83.655338 
171.329052 	 -83.655338 
171.329052 	 -83.655338 
171.325203 	 -83.655658 
171.325203 	 -83.655658 
171.325203 	 -83.655658 
171.321395 	 -83.655980 
171.321395 	 -83.655980 
171.321395 	 -83.655980 
171.317590 	 -83.656302 
171.317590 	 -83.656302 
171.317590 	 -83.656302 
171.317590 	 -83.656302 
171.313792 	 -83.656625 
171.313792 	 -83.656625 
171.313792 	 -83.656625 
171.309998 	 -83.656950 
171.309998 	 -83.656950 
171.309998 	 -83.656950 
171.306215 	 -83.657275 
171.306215 	 -83.657275 
171.306215 	 -83.657275 
171.306215 	 -83.657275 
171.302442 	 -83.657602 
171.302442 	 -83.657602 
171.302442 	 -83.657602 
171.298677 	 -83.657930 
171.298677 	 -83.657930 
171.298677 	 -83.657930 
171.294927 	 -83.658258 
171.294927 	 -83.658258 
171.294927 	 -83.658258 
171.294927 	 -83.658258 
171.291185 	 -83.658588 
171.291185 	 -83.658588 
171.291185 	 -83.658588 
171.287452 	 -83.658918 
171.287452 	 -83.658918 
171.287452 	 -83.658918 
171.283727 	 -83.659250 
171.283727 	 -83.659250 
171.283727 	 -83.659250 
171.280007 	 -83.659583 
171.280007 	 -83.659583 
171.280007 	 -83.659583 
171.280007 	 -83.659583 
171.276288 	 -83.659917 
171.276288 	 -83.659917 
171.276288 	 -83.659917 
171.272567 	 -83.660250 
171.272567 	 -83.660250 
171.272567 	 -83.660250 
171.272567 	 -83.660250 
171.268838 	 -83.660580 
171.268838 	 -83.660580 
171.268838 	 -83.660580 
171.265105 	 -83.660910 
171.265105 	 -83.660910 
171.265105 	 -83.660910 
171.261362 	 -83.661238 
171.261362 	 -83.661238 
171.261362 	 -83.661238 
171.261362 	 -83.661238 
171.257603 	 -83.661563 
171.257603 	 -83.661563 
171.257603 	 -83.661563 
171.253845 	 -83.661888 
171.253845 	 -83.661888 
171.253845 	 -83.661888 
171.253845 	 -83.661888 
171.250083 	 -83.662213 
171.250083 	 -83.662213 
171.250083 	 -83.662213 
171.246313 	 -83.662537 
171.246313 	 -83.662537 
171.246313 	 -83.662537 
171.242527 	 -83.662860 
171.242527 	 -83.662860 
171.242527 	 -83.662860 
171.238732 	 -83.663183 
171.238732 	 -83.663183 
171.238732 	 -83.663183 
171.238732 	 -83.663183 
171.234925 	 -83.663508 
171.234925 	 -83.663508 
171.234925 	 -83.663508 
171.231100 	 -83.663832 
171.231100 	 -83.663832 
171.231100 	 -83.663832 
171.227268 	 -83.664157 
171.227268 	 -83.664157 
171.227268 	 -83.664157 
171.227268 	 -83.664157 
171.223413 	 -83.664478 
171.223413 	 -83.664478 
171.223413 	 -83.664478 
171.219542 	 -83.664800 
171.219542 	 -83.664800 
171.219542 	 -83.664800 
171.219542 	 -83.664800 
171.215653 	 -83.665118 
171.215653 	 -83.665118 
171.215653 	 -83.665118 
171.211763 	 -83.665435 
171.211763 	 -83.665435 
171.211763 	 -83.665435 
171.207872 	 -83.665753 
171.207872 	 -83.665753 
171.207872 	 -83.665753 
171.203982 	 -83.666068 
171.203982 	 -83.666068 
171.203982 	 -83.666068 
171.200093 	 -83.666385 
171.200093 	 -83.666385 
171.200093 	 -83.666385 
171.200093 	 -83.666385 
171.196202 	 -83.666698 
171.196202 	 -83.666698 
171.196202 	 -83.666698 
171.192307 	 -83.667013 
171.192307 	 -83.667013 
171.192307 	 -83.667013 
171.192307 	 -83.667013 
171.188405 	 -83.667328 
171.188405 	 -83.667328 
171.188405 	 -83.667328 
171.184510 	 -83.667645 
171.184510 	 -83.667645 
171.184510 	 -83.667645 
171.180622 	 -83.667965 
171.180622 	 -83.667965 
171.180622 	 -83.667965 
171.176728 	 -83.668283 
171.176728 	 -83.668283 
171.176728 	 -83.668283 
171.176728 	 -83.668283 
171.172840 	 -83.668603 
171.172840 	 -83.668603 
171.172840 	 -83.668603 
171.168960 	 -83.668925 
171.168960 	 -83.668925 
171.168960 	 -83.668925 
171.165083 	 -83.669247 
171.165083 	 -83.669247 
171.165083 	 -83.669247 
171.165083 	 -83.669247 
171.161213 	 -83.669570 
171.161213 	 -83.669570 
171.161213 	 -83.669570 
171.157348 	 -83.669893 
171.157348 	 -83.669893 
171.157348 	 -83.669893 
171.153492 	 -83.670215 
171.153492 	 -83.670215 
171.153492 	 -83.670215 
171.153492 	 -83.670215 
171.149640 	 -83.670540 
171.149640 	 -83.670540 
171.149640 	 -83.670540 
171.145780 	 -83.670865 
171.145780 	 -83.670865 
171.145780 	 -83.670865 
171.141907 	 -83.671190 
171.141907 	 -83.671190 
171.141907 	 -83.671190 
171.138018 	 -83.671518 
171.138018 	 -83.671518 
171.138018 	 -83.671518 
171.138018 	 -83.671518 
171.134110 	 -83.671847 
171.134110 	 -83.671847 
171.134110 	 -83.671847 
171.130173 	 -83.672177 
171.130173 	 -83.672177 
171.130173 	 -83.672177 
171.126220 	 -83.672507 
171.126220 	 -83.672507 
171.126220 	 -83.672507 
171.126220 	 -83.672507 
171.122250 	 -83.672838 
171.122250 	 -83.672838 
171.122250 	 -83.672838 
171.118273 	 -83.673172 
171.118273 	 -83.673172 
171.118273 	 -83.673172 
171.114293 	 -83.673507 
171.114293 	 -83.673507 
171.114293 	 -83.673507 
171.114293 	 -83.673507 
171.110320 	 -83.673843 
171.110320 	 -83.673843 
171.110320 	 -83.673843 
171.106355 	 -83.674182 
171.106355 	 -83.674182 
171.106355 	 -83.674182 
171.102385 	 -83.674522 
171.102385 	 -83.674522 
171.102385 	 -83.674522 
171.102385 	 -83.674522 
171.098407 	 -83.674858 
171.098407 	 -83.674858 
171.098407 	 -83.674858 
171.094420 	 -83.675195 
171.094420 	 -83.675195 
171.094420 	 -83.675195 
171.090440 	 -83.675533 
171.090440 	 -83.675533 
171.090440 	 -83.675533 
171.090440 	 -83.675533 
171.086470 	 -83.675873 
171.086470 	 -83.675873 
171.086470 	 -83.675873 
171.082495 	 -83.676215 
171.082495 	 -83.676215 
171.082495 	 -83.676215 
171.078517 	 -83.676555 
171.078517 	 -83.676555 
171.078517 	 -83.676555 
171.078517 	 -83.676555 
171.074535 	 -83.676897 
171.074535 	 -83.676897 
171.074535 	 -83.676897 
171.070553 	 -83.677237 
171.070553 	 -83.677237 
171.070553 	 -83.677237 
171.070553 	 -83.677237 
171.066575 	 -83.677578 
171.066575 	 -83.677578 
171.066575 	 -83.677578 
171.062592 	 -83.677920 
171.062592 	 -83.677920 
171.062592 	 -83.677920 
171.058620 	 -83.678263 
171.058620 	 -83.678263 
171.058620 	 -83.678263 
171.058620 	 -83.678263 
171.054652 	 -83.678610 
171.054652 	 -83.678610 
171.054652 	 -83.678610 
171.050683 	 -83.678957 
171.050683 	 -83.678957 
171.050683 	 -83.678957 
171.046708 	 -83.679302 
171.046708 	 -83.679302 
171.046708 	 -83.679302 
171.042725 	 -83.679647 
171.042725 	 -83.679647 
171.042725 	 -83.679647 
171.042725 	 -83.679647 
171.038737 	 -83.679990 
171.038737 	 -83.679990 
171.038737 	 -83.679990 
171.034735 	 -83.680332 
171.034735 	 -83.680332 
171.034735 	 -83.680332 
171.030728 	 -83.680673 
171.030728 	 -83.680673 
171.030728 	 -83.680673 
171.030728 	 -83.680673 
171.026713 	 -83.681017 
171.026713 	 -83.681017 
171.026713 	 -83.681017 
