Lon	 Lat
170.975660 	 -83.657243 
170.979740 	 -83.656927 
170.979740 	 -83.656927 
170.979740 	 -83.656927 
170.983823 	 -83.656613 
170.983823 	 -83.656613 
170.983823 	 -83.656613 
170.987905 	 -83.656297 
170.987905 	 -83.656297 
170.987905 	 -83.656297 
170.991982 	 -83.655980 
170.991982 	 -83.655980 
170.991982 	 -83.655980 
170.991982 	 -83.655980 
170.996077 	 -83.655662 
170.996077 	 -83.655662 
170.996077 	 -83.655662 
171.000173 	 -83.655342 
171.000173 	 -83.655342 
171.000173 	 -83.655342 
171.004277 	 -83.655020 
171.004277 	 -83.655020 
171.004277 	 -83.655020 
171.004277 	 -83.655020 
171.008378 	 -83.654697 
171.008378 	 -83.654697 
171.008378 	 -83.654697 
171.012467 	 -83.654373 
171.012467 	 -83.654373 
171.012467 	 -83.654373 
171.016543 	 -83.654050 
171.016543 	 -83.654050 
171.016543 	 -83.654050 
171.016543 	 -83.654050 
171.020595 	 -83.653727 
171.020595 	 -83.653727 
171.020595 	 -83.653727 
171.024640 	 -83.653405 
171.024640 	 -83.653405 
171.024640 	 -83.653405 
171.028667 	 -83.653085 
171.028667 	 -83.653085 
171.028667 	 -83.653085 
171.028667 	 -83.653085 
171.032665 	 -83.652767 
171.032665 	 -83.652767 
171.032665 	 -83.652767 
171.036633 	 -83.652450 
171.036633 	 -83.652450 
171.036633 	 -83.652450 
171.040572 	 -83.652133 
171.040572 	 -83.652133 
171.040572 	 -83.652133 
171.044487 	 -83.651817 
171.044487 	 -83.651817 
171.044487 	 -83.651817 
171.044487 	 -83.651817 
171.048375 	 -83.651502 
171.048375 	 -83.651502 
171.048375 	 -83.651502 
171.052275 	 -83.651185 
171.052275 	 -83.651185 
171.052275 	 -83.651185 
171.056127 	 -83.650870 
171.056127 	 -83.650870 
171.056127 	 -83.650870 
171.056127 	 -83.650870 
171.059963 	 -83.650553 
171.059963 	 -83.650553 
171.059963 	 -83.650553 
171.063803 	 -83.650238 
171.063803 	 -83.650238 
171.063803 	 -83.650238 
171.063803 	 -83.650238 
171.067627 	 -83.649923 
171.067627 	 -83.649923 
171.067627 	 -83.649923 
171.071427 	 -83.649607 
171.071427 	 -83.649607 
171.071427 	 -83.649607 
171.075217 	 -83.649288 
171.075217 	 -83.649288 
171.075217 	 -83.649288 
171.075217 	 -83.649288 
171.079017 	 -83.648970 
171.079017 	 -83.648970 
171.079017 	 -83.648970 
171.082788 	 -83.648652 
171.082788 	 -83.648652 
171.082788 	 -83.648652 
171.086567 	 -83.648335 
171.086567 	 -83.648335 
171.086567 	 -83.648335 
171.086567 	 -83.648335 
171.090357 	 -83.648018 
171.090357 	 -83.648018 
171.090357 	 -83.648018 
171.094170 	 -83.647703 
171.094170 	 -83.647703 
171.094170 	 -83.647703 
171.097992 	 -83.647388 
171.097992 	 -83.647388 
171.097992 	 -83.647388 
171.097992 	 -83.647388 
171.101832 	 -83.647075 
171.101832 	 -83.647075 
171.101832 	 -83.647075 
171.105695 	 -83.646763 
171.105695 	 -83.646763 
171.105695 	 -83.646763 
171.109578 	 -83.646453 
171.109578 	 -83.646453 
171.109578 	 -83.646453 
171.109578 	 -83.646453 
171.113493 	 -83.646145 
171.113493 	 -83.646145 
171.113493 	 -83.646145 
171.117428 	 -83.645835 
171.117428 	 -83.645835 
171.117428 	 -83.645835 
171.121377 	 -83.645523 
171.121377 	 -83.645523 
171.121377 	 -83.645523 
171.121377 	 -83.645523 
171.125335 	 -83.645212 
171.125335 	 -83.645212 
171.125335 	 -83.645212 
171.129310 	 -83.644900 
171.129310 	 -83.644900 
171.129310 	 -83.644900 
171.129310 	 -83.644900 
171.133292 	 -83.644587 
171.133292 	 -83.644587 
171.133292 	 -83.644587 
171.137275 	 -83.644272 
171.137275 	 -83.644272 
171.137275 	 -83.644272 
171.141268 	 -83.643955 
171.141268 	 -83.643955 
171.141268 	 -83.643955 
171.145263 	 -83.643640 
171.145263 	 -83.643640 
171.145263 	 -83.643640 
171.145263 	 -83.643640 
171.149257 	 -83.643325 
171.149257 	 -83.643325 
171.149257 	 -83.643325 
171.153265 	 -83.643012 
171.153265 	 -83.643012 
171.153265 	 -83.643012 
171.157275 	 -83.642698 
171.157275 	 -83.642698 
171.157275 	 -83.642698 
171.161275 	 -83.642385 
171.161275 	 -83.642385 
171.161275 	 -83.642385 
171.161275 	 -83.642385 
171.165258 	 -83.642072 
171.165258 	 -83.642072 
171.165258 	 -83.642072 
171.169237 	 -83.641757 
171.169237 	 -83.641757 
171.169237 	 -83.641757 
171.173198 	 -83.641442 
171.173198 	 -83.641442 
171.173198 	 -83.641442 
171.173198 	 -83.641442 
171.177150 	 -83.641125 
171.177150 	 -83.641125 
171.177150 	 -83.641125 
171.181082 	 -83.640808 
171.181082 	 -83.640808 
171.181082 	 -83.640808 
171.181082 	 -83.640808 
171.184997 	 -83.640492 
171.184997 	 -83.640492 
171.184997 	 -83.640492 
171.188897 	 -83.640175 
171.188897 	 -83.640175 
171.188897 	 -83.640175 
171.192782 	 -83.639860 
171.192782 	 -83.639860 
171.192782 	 -83.639860 
171.196663 	 -83.639547 
171.196663 	 -83.639547 
171.196663 	 -83.639547 
171.196663 	 -83.639547 
171.200555 	 -83.639232 
171.200555 	 -83.639232 
171.200555 	 -83.639232 
171.204437 	 -83.638920 
171.204437 	 -83.638920 
171.204437 	 -83.638920 
171.208312 	 -83.638608 
171.208312 	 -83.638608 
171.208312 	 -83.638608 
171.208312 	 -83.638608 
171.212178 	 -83.638293 
171.212178 	 -83.638293 
171.212178 	 -83.638293 
171.216035 	 -83.637978 
171.216035 	 -83.637978 
171.216035 	 -83.637978 
171.216035 	 -83.637978 
171.219883 	 -83.637662 
171.219883 	 -83.637662 
171.219883 	 -83.637662 
171.223723 	 -83.637345 
171.223723 	 -83.637345 
171.223723 	 -83.637345 
171.227558 	 -83.637030 
171.227558 	 -83.637030 
171.227558 	 -83.637030 
171.231387 	 -83.636712 
171.231387 	 -83.636712 
171.231387 	 -83.636712 
171.231387 	 -83.636712 
171.235212 	 -83.636392 
171.235212 	 -83.636392 
171.235212 	 -83.636392 
171.239042 	 -83.636070 
171.239042 	 -83.636070 
171.239042 	 -83.636070 
171.242867 	 -83.635747 
171.242867 	 -83.635747 
171.242867 	 -83.635747 
171.242867 	 -83.635747 
171.246693 	 -83.635423 
171.246693 	 -83.635423 
171.246693 	 -83.635423 
171.250532 	 -83.635100 
171.250532 	 -83.635100 
171.250532 	 -83.635100 
171.254347 	 -83.634775 
171.254347 	 -83.634775 
171.254347 	 -83.634775 
171.254347 	 -83.634775 
171.258160 	 -83.634452 
171.258160 	 -83.634452 
171.258160 	 -83.634452 
171.261967 	 -83.634127 
171.261967 	 -83.634127 
171.261967 	 -83.634127 
171.265762 	 -83.633803 
171.265762 	 -83.633803 
171.265762 	 -83.633803 
171.269548 	 -83.633480 
171.269548 	 -83.633480 
171.269548 	 -83.633480 
171.269548 	 -83.633480 
171.273335 	 -83.633158 
171.273335 	 -83.633158 
171.273335 	 -83.633158 
171.277105 	 -83.632835 
171.277105 	 -83.632835 
171.277105 	 -83.632835 
171.277105 	 -83.632835 
171.280872 	 -83.632512 
171.280872 	 -83.632512 
171.280872 	 -83.632512 
171.284630 	 -83.632188 
171.284630 	 -83.632188 
171.284630 	 -83.632188 
171.288377 	 -83.631862 
171.288377 	 -83.631862 
171.288377 	 -83.631862 
171.288377 	 -83.631862 
171.292117 	 -83.631537 
171.292117 	 -83.631537 
171.292117 	 -83.631537 
171.295882 	 -83.631208 
171.295882 	 -83.631208 
171.295882 	 -83.631208 
171.299612 	 -83.630878 
171.299612 	 -83.630878 
171.299612 	 -83.630878 
171.299612 	 -83.630878 
171.303337 	 -83.630550 
171.303337 	 -83.630550 
171.303337 	 -83.630550 
171.307073 	 -83.630222 
171.307073 	 -83.630222 
171.307073 	 -83.630222 
171.310808 	 -83.629895 
171.310808 	 -83.629895 
171.310808 	 -83.629895 
171.314575 	 -83.629570 
171.314575 	 -83.629570 
171.314575 	 -83.629570 
171.314575 	 -83.629570 
171.318355 	 -83.629247 
171.318355 	 -83.629247 
171.318355 	 -83.629247 
171.322167 	 -83.628925 
171.322167 	 -83.628925 
171.322167 	 -83.628925 
171.325995 	 -83.628605 
171.325995 	 -83.628605 
171.325995 	 -83.628605 
171.325995 	 -83.628605 
171.329833 	 -83.628288 
171.329833 	 -83.628288 
171.329833 	 -83.628288 
171.333683 	 -83.627972 
171.333683 	 -83.627972 
171.333683 	 -83.627972 
171.337540 	 -83.627658 
171.337540 	 -83.627658 
171.337540 	 -83.627658 
171.337540 	 -83.627658 
171.341410 	 -83.627345 
171.341410 	 -83.627345 
171.341410 	 -83.627345 
171.345278 	 -83.627033 
171.345278 	 -83.627033 
171.345278 	 -83.627033 
171.349155 	 -83.626727 
171.349155 	 -83.626727 
171.349155 	 -83.626727 
171.349155 	 -83.626727 
171.353043 	 -83.626422 
171.353043 	 -83.626422 
171.353043 	 -83.626422 
171.356938 	 -83.626120 
171.356938 	 -83.626120 
171.356938 	 -83.626120 
171.360835 	 -83.625820 
171.360835 	 -83.625820 
171.360835 	 -83.625820 
171.360835 	 -83.625820 
171.364723 	 -83.625522 
171.364723 	 -83.625522 
171.364723 	 -83.625522 
171.368602 	 -83.625223 
171.368602 	 -83.625223 
171.368602 	 -83.625223 
171.372463 	 -83.624923 
171.372463 	 -83.624923 
171.372463 	 -83.624923 
171.372463 	 -83.624923 
171.376297 	 -83.624620 
171.376297 	 -83.624620 
171.376297 	 -83.624620 
171.380102 	 -83.624313 
171.380102 	 -83.624313 
171.380102 	 -83.624313 
171.383877 	 -83.624003 
171.383877 	 -83.624003 
171.383877 	 -83.624003 
171.383877 	 -83.624003 
171.387618 	 -83.623688 
171.387618 	 -83.623688 
171.387618 	 -83.623688 
171.391338 	 -83.623368 
171.391338 	 -83.623368 
171.391338 	 -83.623368 
171.395018 	 -83.623047 
171.395018 	 -83.623047 
171.395018 	 -83.623047 
171.395018 	 -83.623047 
171.398698 	 -83.622723 
171.398698 	 -83.622723 
171.398698 	 -83.622723 
171.402387 	 -83.622398 
171.402387 	 -83.622398 
171.402387 	 -83.622398 
171.402387 	 -83.622398 
171.406068 	 -83.622072 
171.406068 	 -83.622072 
171.406068 	 -83.622072 
171.409747 	 -83.621743 
171.409747 	 -83.621743 
171.409747 	 -83.621743 
171.413417 	 -83.621415 
171.413417 	 -83.621415 
171.413417 	 -83.621415 
171.413417 	 -83.621415 
171.417110 	 -83.621088 
171.417110 	 -83.621088 
171.417110 	 -83.621088 
171.420830 	 -83.620763 
171.420830 	 -83.620763 
171.420830 	 -83.620763 
171.424550 	 -83.620440 
171.424550 	 -83.620440 
171.424550 	 -83.620440 
171.424550 	 -83.620440 
171.428272 	 -83.620117 
171.428272 	 -83.620117 
171.428272 	 -83.620117 
171.431992 	 -83.619795 
171.431992 	 -83.619795 
171.431992 	 -83.619795 
171.435712 	 -83.619477 
171.435712 	 -83.619477 
171.435712 	 -83.619477 
171.435712 	 -83.619477 
171.439447 	 -83.619160 
171.439447 	 -83.619160 
171.439447 	 -83.619160 
171.443190 	 -83.618843 
171.443190 	 -83.618843 
171.443190 	 -83.618843 
171.446937 	 -83.618527 
171.446937 	 -83.618527 
171.446937 	 -83.618527 
171.446937 	 -83.618527 
171.450663 	 -83.618208 
171.450663 	 -83.618208 
171.450663 	 -83.618208 
171.454383 	 -83.617890 
171.454383 	 -83.617890 
171.454383 	 -83.617890 
171.458098 	 -83.617572 
171.458098 	 -83.617572 
171.458098 	 -83.617572 
171.458098 	 -83.617572 
171.461795 	 -83.617255 
171.461795 	 -83.617255 
171.461795 	 -83.617255 
171.465498 	 -83.616938 
171.465498 	 -83.616938 
171.465498 	 -83.616938 
171.465498 	 -83.616938 
171.469198 	 -83.616623 
171.469198 	 -83.616623 
171.469198 	 -83.616623 
171.472908 	 -83.616312 
171.472908 	 -83.616312 
171.472908 	 -83.616312 
171.476623 	 -83.615997 
171.476623 	 -83.615997 
171.476623 	 -83.615997 
171.476623 	 -83.615997 
171.480360 	 -83.615682 
171.480360 	 -83.615682 
171.480360 	 -83.615682 
171.484100 	 -83.615368 
171.484100 	 -83.615368 
171.484100 	 -83.615368 
171.487858 	 -83.615055 
171.487858 	 -83.615055 
171.487858 	 -83.615055 
171.487858 	 -83.615055 
171.491635 	 -83.614742 
171.491635 	 -83.614742 
171.491635 	 -83.614742 
171.495418 	 -83.614430 
171.495418 	 -83.614430 
171.495418 	 -83.614430 
171.499202 	 -83.614118 
171.499202 	 -83.614118 
171.499202 	 -83.614118 
171.502978 	 -83.613807 
171.502978 	 -83.613807 
171.502978 	 -83.613807 
171.502978 	 -83.613807 
171.506760 	 -83.613495 
171.506760 	 -83.613495 
171.506760 	 -83.613495 
171.510537 	 -83.613183 
171.510537 	 -83.613183 
171.510537 	 -83.613183 
171.514288 	 -83.612873 
171.514288 	 -83.612873 
171.514288 	 -83.612873 
171.514288 	 -83.612873 
171.518057 	 -83.612562 
171.518057 	 -83.612562 
171.518057 	 -83.612562 
171.521800 	 -83.612248 
171.521800 	 -83.612248 
171.521800 	 -83.612248 
171.521800 	 -83.612248 
171.525540 	 -83.611935 
171.525540 	 -83.611935 
171.525540 	 -83.611935 
171.529275 	 -83.611618 
171.529275 	 -83.611618 
171.529275 	 -83.611618 
171.533007 	 -83.611302 
171.533007 	 -83.611302 
171.533007 	 -83.611302 
171.536727 	 -83.610987 
171.536727 	 -83.610987 
171.536727 	 -83.610987 
171.536727 	 -83.610987 
171.540447 	 -83.610672 
171.540447 	 -83.610672 
171.540447 	 -83.610672 
171.544170 	 -83.610358 
171.544170 	 -83.610358 
171.544170 	 -83.610358 
171.544170 	 -83.610358 
171.547882 	 -83.610045 
171.547882 	 -83.610045 
171.547882 	 -83.610045 
171.551587 	 -83.609730 
171.551587 	 -83.609730 
171.551587 	 -83.609730 
171.555315 	 -83.609415 
171.555315 	 -83.609415 
171.555315 	 -83.609415 
171.555315 	 -83.609415 
171.559038 	 -83.609100 
171.559038 	 -83.609100 
171.559038 	 -83.609100 
171.562738 	 -83.608785 
171.562738 	 -83.608785 
171.562738 	 -83.608785 
171.566425 	 -83.608468 
171.566425 	 -83.608468 
171.566425 	 -83.608468 
171.566425 	 -83.608468 
171.570117 	 -83.608150 
171.570117 	 -83.608150 
171.570117 	 -83.608150 
171.573815 	 -83.607828 
171.573815 	 -83.607828 
171.573815 	 -83.607828 
171.577517 	 -83.607505 
171.577517 	 -83.607505 
171.577517 	 -83.607505 
171.577517 	 -83.607505 
171.581198 	 -83.607185 
171.581198 	 -83.607185 
171.581198 	 -83.607185 
171.584880 	 -83.606863 
171.584880 	 -83.606863 
171.584880 	 -83.606863 
171.584880 	 -83.606863 
171.588562 	 -83.606545 
171.588562 	 -83.606545 
171.588562 	 -83.606545 
171.592238 	 -83.606225 
171.592238 	 -83.606225 
171.592238 	 -83.606225 
171.595902 	 -83.605903 
171.595902 	 -83.605903 
171.595902 	 -83.605903 
171.599548 	 -83.605582 
171.599548 	 -83.605582 
171.599548 	 -83.605582 
171.599548 	 -83.605582 
171.603188 	 -83.605260 
171.603188 	 -83.605260 
171.603188 	 -83.605260 
171.606817 	 -83.604940 
171.606817 	 -83.604940 
171.606817 	 -83.604940 
171.606817 	 -83.604940 
171.610435 	 -83.604620 
171.610435 	 -83.604620 
171.610435 	 -83.604620 
171.614055 	 -83.604302 
171.614055 	 -83.604302 
171.614055 	 -83.604302 
171.617678 	 -83.603983 
171.617678 	 -83.603983 
171.617678 	 -83.603983 
171.621303 	 -83.603667 
171.621303 	 -83.603667 
171.621303 	 -83.603667 
171.621303 	 -83.603667 
171.624935 	 -83.603352 
171.624935 	 -83.603352 
171.624935 	 -83.603352 
171.628567 	 -83.603038 
171.628567 	 -83.603038 
171.628567 	 -83.603038 
171.632202 	 -83.602725 
171.632202 	 -83.602725 
171.632202 	 -83.602725 
171.632202 	 -83.602725 
171.635837 	 -83.602412 
171.635837 	 -83.602412 
171.635837 	 -83.602412 
171.639492 	 -83.602100 
171.639492 	 -83.602100 
171.639492 	 -83.602100 
171.643157 	 -83.601790 
171.643157 	 -83.601790 
171.643157 	 -83.601790 
171.643157 	 -83.601790 
171.646840 	 -83.601483 
171.646840 	 -83.601483 
171.646840 	 -83.601483 
171.650527 	 -83.601175 
171.650527 	 -83.601175 
171.650527 	 -83.601175 
171.654213 	 -83.600868 
171.654213 	 -83.600868 
171.654213 	 -83.600868 
171.654213 	 -83.600868 
171.657885 	 -83.600560 
171.657885 	 -83.600560 
171.657885 	 -83.600560 
171.661535 	 -83.600250 
171.661535 	 -83.600250 
171.661535 	 -83.600250 
171.661535 	 -83.600250 
171.665175 	 -83.599942 
171.665175 	 -83.599942 
171.665175 	 -83.599942 
171.668812 	 -83.599635 
171.668812 	 -83.599635 
171.668812 	 -83.599635 
171.672437 	 -83.599328 
171.672437 	 -83.599328 
171.672437 	 -83.599328 
171.672437 	 -83.599328 
171.676058 	 -83.599022 
171.676058 	 -83.599022 
171.676058 	 -83.599022 
171.679665 	 -83.598717 
171.679665 	 -83.598717 
171.679665 	 -83.598717 
171.683253 	 -83.598410 
171.683253 	 -83.598410 
171.683253 	 -83.598410 
171.686823 	 -83.598105 
171.686823 	 -83.598105 
171.686823 	 -83.598105 
171.686823 	 -83.598105 
171.690363 	 -83.597798 
171.690363 	 -83.597798 
171.690363 	 -83.597798 
171.693890 	 -83.597492 
171.693890 	 -83.597492 
171.693890 	 -83.597492 
171.697395 	 -83.597185 
171.697395 	 -83.597185 
171.697395 	 -83.597185 
171.697395 	 -83.597185 
171.700875 	 -83.596878 
171.700875 	 -83.596878 
171.700875 	 -83.596878 
171.704318 	 -83.596572 
171.704318 	 -83.596572 
171.704318 	 -83.596572 
171.707733 	 -83.596265 
171.707733 	 -83.596265 
171.707733 	 -83.596265 
171.707733 	 -83.596265 
171.711122 	 -83.595958 
171.711122 	 -83.595958 
171.711122 	 -83.595958 
171.714500 	 -83.595648 
171.714500 	 -83.595648 
171.714500 	 -83.595648 
171.717850 	 -83.595338 
171.717850 	 -83.595338 
171.717850 	 -83.595338 
171.717850 	 -83.595338 
171.721177 	 -83.595027 
171.721177 	 -83.595027 
171.721177 	 -83.595027 
171.724487 	 -83.594715 
171.724487 	 -83.594715 
171.724487 	 -83.594715 
171.724487 	 -83.594715 
171.727798 	 -83.594405 
171.727798 	 -83.594405 
171.727798 	 -83.594405 
171.731117 	 -83.594098 
171.731117 	 -83.594098 
171.731117 	 -83.594098 
171.734458 	 -83.593795 
171.734458 	 -83.593795 
171.734458 	 -83.593795 
171.737815 	 -83.593497 
171.737815 	 -83.593497 
171.737815 	 -83.593497 
171.737815 	 -83.593497 
171.741175 	 -83.593202 
171.741175 	 -83.593202 
171.741175 	 -83.593202 
171.744540 	 -83.592912 
171.744540 	 -83.592912 
171.744540 	 -83.592912 
171.747927 	 -83.592623 
171.747927 	 -83.592623 
171.747927 	 -83.592623 
171.747927 	 -83.592623 
171.751323 	 -83.592340 
171.751323 	 -83.592340 
171.751323 	 -83.592340 
171.754737 	 -83.592058 
171.754737 	 -83.592058 
171.754737 	 -83.592058 
171.758178 	 -83.591782 
171.758178 	 -83.591782 
171.758178 	 -83.591782 
171.761632 	 -83.591507 
171.761632 	 -83.591507 
171.761632 	 -83.591507 
171.761632 	 -83.591507 
171.765093 	 -83.591235 
171.765093 	 -83.591235 
171.765093 	 -83.591235 
171.768563 	 -83.590960 
171.768563 	 -83.590960 
171.768563 	 -83.590960 
171.772018 	 -83.590685 
171.772018 	 -83.590685 
171.772018 	 -83.590685 
171.772018 	 -83.590685 
171.775452 	 -83.590403 
171.775452 	 -83.590403 
171.775452 	 -83.590403 
171.778865 	 -83.590117 
171.778865 	 -83.590117 
171.778865 	 -83.590117 
171.782260 	 -83.589825 
171.782260 	 -83.589825 
171.782260 	 -83.589825 
171.782260 	 -83.589825 
171.785642 	 -83.589527 
171.785642 	 -83.589527 
171.785642 	 -83.589527 
171.789012 	 -83.589222 
171.789012 	 -83.589222 
171.789012 	 -83.589222 
171.789012 	 -83.589222 
171.792362 	 -83.588910 
171.792362 	 -83.588910 
171.792362 	 -83.588910 
171.795703 	 -83.588592 
171.795703 	 -83.588592 
171.795703 	 -83.588592 
171.799040 	 -83.588270 
171.799040 	 -83.588270 
171.799040 	 -83.588270 
171.799040 	 -83.588270 
171.802407 	 -83.587947 
171.802407 	 -83.587947 
171.802407 	 -83.587947 
171.805807 	 -83.587628 
171.805807 	 -83.587628 
171.805807 	 -83.587628 
171.809253 	 -83.587320 
171.809253 	 -83.587320 
171.809253 	 -83.587320 
171.809253 	 -83.587320 
171.812753 	 -83.587023 
171.812753 	 -83.587023 
171.812753 	 -83.587023 
171.816295 	 -83.586738 
171.816295 	 -83.586738 
171.816295 	 -83.586738 
171.819872 	 -83.586465 
171.819872 	 -83.586465 
171.819872 	 -83.586465 
171.823473 	 -83.586200 
171.823473 	 -83.586200 
171.823473 	 -83.586200 
171.823473 	 -83.586200 
171.827077 	 -83.585943 
171.827077 	 -83.585943 
171.827077 	 -83.585943 
171.830682 	 -83.585688 
171.830682 	 -83.585688 
171.830682 	 -83.585688 
171.834288 	 -83.585432 
171.834288 	 -83.585432 
171.834288 	 -83.585432 
171.834288 	 -83.585432 
171.837887 	 -83.585178 
171.837887 	 -83.585178 
171.837887 	 -83.585178 
171.841482 	 -83.584927 
171.841482 	 -83.584927 
171.841482 	 -83.584927 
171.845072 	 -83.584672 
171.845072 	 -83.584672 
171.845072 	 -83.584672 
171.845072 	 -83.584672 
171.848640 	 -83.584413 
171.848640 	 -83.584413 
171.848640 	 -83.584413 
171.852175 	 -83.584148 
171.852175 	 -83.584148 
171.852175 	 -83.584148 
171.855677 	 -83.583882 
171.855677 	 -83.583882 
171.855677 	 -83.583882 
171.855677 	 -83.583882 
171.859155 	 -83.583612 
171.859155 	 -83.583612 
171.859155 	 -83.583612 
171.862617 	 -83.583342 
171.862617 	 -83.583342 
171.862617 	 -83.583342 
171.862617 	 -83.583342 
171.866050 	 -83.583070 
171.866050 	 -83.583070 
171.866050 	 -83.583070 
171.869478 	 -83.582797 
171.869478 	 -83.582797 
171.869478 	 -83.582797 
171.872913 	 -83.582520 
171.872913 	 -83.582520 
171.872913 	 -83.582520 
171.876343 	 -83.582240 
171.876343 	 -83.582240 
171.876343 	 -83.582240 
171.876343 	 -83.582240 
171.879772 	 -83.581958 
171.879772 	 -83.581958 
171.879772 	 -83.581958 
171.883198 	 -83.581673 
171.883198 	 -83.581673 
171.883198 	 -83.581673 
171.886637 	 -83.581387 
171.886637 	 -83.581387 
171.886637 	 -83.581387 
171.890088 	 -83.581100 
171.890088 	 -83.581100 
171.890088 	 -83.581100 
171.890088 	 -83.581100 
171.893543 	 -83.580812 
171.893543 	 -83.580812 
171.893543 	 -83.580812 
171.896998 	 -83.580522 
171.896998 	 -83.580522 
171.896998 	 -83.580522 
171.900453 	 -83.580228 
171.900453 	 -83.580228 
171.900453 	 -83.580228 
171.900453 	 -83.580228 
171.903912 	 -83.579933 
171.903912 	 -83.579933 
171.903912 	 -83.579933 
171.907362 	 -83.579635 
171.907362 	 -83.579635 
171.907362 	 -83.579635 
171.910820 	 -83.579338 
171.910820 	 -83.579338 
171.910820 	 -83.579338 
171.910820 	 -83.579338 
171.914300 	 -83.579040 
171.914300 	 -83.579040 
171.914300 	 -83.579040 
171.917785 	 -83.578743 
171.917785 	 -83.578743 
171.917785 	 -83.578743 
171.917785 	 -83.578743 
171.921277 	 -83.578447 
171.921277 	 -83.578447 
171.921277 	 -83.578447 
171.924773 	 -83.578152 
171.924773 	 -83.578152 
171.924773 	 -83.578152 
171.928275 	 -83.577855 
171.928275 	 -83.577855 
171.928275 	 -83.577855 
171.928275 	 -83.577855 
171.931780 	 -83.577558 
171.931780 	 -83.577558 
171.931780 	 -83.577558 
171.935280 	 -83.577260 
171.935280 	 -83.577260 
171.935280 	 -83.577260 
171.938780 	 -83.576958 
171.938780 	 -83.576958 
171.938780 	 -83.576958 
171.938780 	 -83.576958 
171.942262 	 -83.576657 
171.942262 	 -83.576657 
171.942262 	 -83.576657 
171.945733 	 -83.576352 
171.945733 	 -83.576352 
171.945733 	 -83.576352 
171.949197 	 -83.576048 
171.949197 	 -83.576048 
171.949197 	 -83.576048 
171.949197 	 -83.576048 
171.952645 	 -83.575747 
171.952645 	 -83.575747 
171.952645 	 -83.575747 
171.956057 	 -83.575445 
171.956057 	 -83.575445 
171.956057 	 -83.575445 
171.959460 	 -83.575145 
171.959460 	 -83.575145 
171.959460 	 -83.575145 
171.959460 	 -83.575145 
171.962840 	 -83.574845 
171.962840 	 -83.574845 
171.962840 	 -83.574845 
171.966217 	 -83.574548 
171.966217 	 -83.574548 
171.966217 	 -83.574548 
171.969602 	 -83.574253 
171.969602 	 -83.574253 
171.969602 	 -83.574253 
171.969602 	 -83.574253 
171.973008 	 -83.573960 
171.973008 	 -83.573960 
171.973008 	 -83.573960 
171.976382 	 -83.573670 
171.976382 	 -83.573670 
171.976382 	 -83.573670 
171.976382 	 -83.573670 
171.979753 	 -83.573380 
171.979753 	 -83.573380 
171.979753 	 -83.573380 
171.983110 	 -83.573092 
171.983110 	 -83.573092 
171.983110 	 -83.573092 
171.986463 	 -83.572803 
171.986463 	 -83.572803 
171.986463 	 -83.572803 
171.989803 	 -83.572515 
171.989803 	 -83.572515 
171.989803 	 -83.572515 
171.989803 	 -83.572515 
171.993138 	 -83.572225 
171.993138 	 -83.572225 
171.993138 	 -83.572225 
171.996483 	 -83.571937 
171.996483 	 -83.571937 
171.996483 	 -83.571937 
171.999842 	 -83.571647 
171.999842 	 -83.571647 
171.999842 	 -83.571647 
171.999842 	 -83.571647 
172.003198 	 -83.571357 
172.003198 	 -83.571357 
172.003198 	 -83.571357 
172.006602 	 -83.571065 
172.006602 	 -83.571065 
172.006602 	 -83.571065 
172.010018 	 -83.570772 
172.010018 	 -83.570772 
172.010018 	 -83.570772 
172.010018 	 -83.570772 
172.013470 	 -83.570477 
172.013470 	 -83.570477 
172.013470 	 -83.570477 
172.016960 	 -83.570183 
172.016960 	 -83.570183 
172.016960 	 -83.570183 
172.020490 	 -83.569892 
172.020490 	 -83.569892 
172.020490 	 -83.569892 
172.020490 	 -83.569892 
172.024068 	 -83.569603 
172.024068 	 -83.569603 
172.024068 	 -83.569603 
172.027658 	 -83.569317 
172.027658 	 -83.569317 
172.027658 	 -83.569317 
172.031257 	 -83.569030 
172.031257 	 -83.569030 
172.031257 	 -83.569030 
172.031257 	 -83.569030 
172.034852 	 -83.568743 
172.034852 	 -83.568743 
172.034852 	 -83.568743 
172.038447 	 -83.568455 
172.038447 	 -83.568455 
172.038447 	 -83.568455 
172.042030 	 -83.568165 
172.042030 	 -83.568165 
172.042030 	 -83.568165 
172.042030 	 -83.568165 
172.045613 	 -83.567872 
172.045613 	 -83.567872 
172.045613 	 -83.567872 
172.049197 	 -83.567577 
172.049197 	 -83.567577 
172.049197 	 -83.567577 
172.052782 	 -83.567280 
172.052782 	 -83.567280 
172.052782 	 -83.567280 
172.052782 	 -83.567280 
172.056368 	 -83.566982 
172.056368 	 -83.566982 
172.056368 	 -83.566982 
172.059960 	 -83.566682 
172.059960 	 -83.566682 
172.059960 	 -83.566682 
172.063542 	 -83.566378 
172.063542 	 -83.566378 
172.063542 	 -83.566378 
172.063542 	 -83.566378 
172.067107 	 -83.566075 
172.067107 	 -83.566075 
172.067107 	 -83.566075 
172.070668 	 -83.565772 
172.070668 	 -83.565772 
172.070668 	 -83.565772 
172.074220 	 -83.565465 
172.074220 	 -83.565465 
172.074220 	 -83.565465 
172.074220 	 -83.565465 
172.077755 	 -83.565158 
172.077755 	 -83.565158 
172.077755 	 -83.565158 
172.081307 	 -83.564852 
172.081307 	 -83.564852 
172.081307 	 -83.564852 
172.081307 	 -83.564852 
172.084848 	 -83.564543 
172.084848 	 -83.564543 
172.084848 	 -83.564543 
172.088387 	 -83.564235 
172.088387 	 -83.564235 
172.088387 	 -83.564235 
172.091907 	 -83.563927 
172.091907 	 -83.563927 
172.091907 	 -83.563927 
172.091907 	 -83.563927 
172.095432 	 -83.563618 
172.095432 	 -83.563618 
172.095432 	 -83.563618 
172.098960 	 -83.563310 
172.098960 	 -83.563310 
172.098960 	 -83.563310 
172.098960 	 -83.563310 
172.102503 	 -83.563000 
172.102503 	 -83.563000 
172.102503 	 -83.563000 
172.106058 	 -83.562693 
172.106058 	 -83.562693 
172.106058 	 -83.562693 
172.109622 	 -83.562387 
172.109622 	 -83.562387 
172.109622 	 -83.562387 
172.113195 	 -83.562080 
172.113195 	 -83.562080 
172.113195 	 -83.562080 
172.113195 	 -83.562080 
172.116770 	 -83.561773 
172.116770 	 -83.561773 
172.116770 	 -83.561773 
172.120350 	 -83.561467 
172.120350 	 -83.561467 
172.120350 	 -83.561467 
172.123928 	 -83.561160 
172.123928 	 -83.561160 
172.123928 	 -83.561160 
172.127500 	 -83.560850 
172.127500 	 -83.560850 
172.127500 	 -83.560850 
172.127500 	 -83.560850 
172.131062 	 -83.560535 
172.131062 	 -83.560535 
172.131062 	 -83.560535 
172.134608 	 -83.560218 
172.134608 	 -83.560218 
172.134608 	 -83.560218 
172.138162 	 -83.559900 
172.138162 	 -83.559900 
172.138162 	 -83.559900 
172.138162 	 -83.559900 
172.141708 	 -83.559580 
172.141708 	 -83.559580 
172.141708 	 -83.559580 
172.145248 	 -83.559258 
172.145248 	 -83.559258 
172.145248 	 -83.559258 
172.148782 	 -83.558932 
172.148782 	 -83.558932 
172.148782 	 -83.558932 
172.148782 	 -83.558932 
172.152300 	 -83.558603 
172.152300 	 -83.558603 
172.152300 	 -83.558603 
172.155798 	 -83.558273 
172.155798 	 -83.558273 
172.155798 	 -83.558273 
172.159293 	 -83.557943 
172.159293 	 -83.557943 
172.159293 	 -83.557943 
172.162787 	 -83.557615 
172.162787 	 -83.557615 
172.162787 	 -83.557615 
172.162787 	 -83.557615 
172.166295 	 -83.557287 
172.166295 	 -83.557287 
172.166295 	 -83.557287 
172.169822 	 -83.556962 
172.169822 	 -83.556962 
172.169822 	 -83.556962 
172.173355 	 -83.556640 
172.173355 	 -83.556640 
172.173355 	 -83.556640 
172.176897 	 -83.556318 
172.176897 	 -83.556318 
172.176897 	 -83.556318 
172.176897 	 -83.556318 
172.180445 	 -83.555997 
172.180445 	 -83.555997 
172.180445 	 -83.555997 
172.184017 	 -83.555678 
172.184017 	 -83.555678 
172.184017 	 -83.555678 
172.184017 	 -83.555678 
172.187602 	 -83.555362 
172.187602 	 -83.555362 
172.187602 	 -83.555362 
172.191215 	 -83.555050 
172.191215 	 -83.555050 
172.191215 	 -83.555050 
172.194862 	 -83.554743 
172.194862 	 -83.554743 
172.194862 	 -83.554743 
172.198540 	 -83.554443 
172.198540 	 -83.554443 
172.198540 	 -83.554443 
172.198540 	 -83.554443 
172.202240 	 -83.554148 
172.202240 	 -83.554148 
172.202240 	 -83.554148 
172.205953 	 -83.553857 
172.205953 	 -83.553857 
172.205953 	 -83.553857 
172.209667 	 -83.553570 
172.209667 	 -83.553570 
172.209667 	 -83.553570 
172.209667 	 -83.553570 
172.213380 	 -83.553285 
172.213380 	 -83.553285 
172.213380 	 -83.553285 
172.217088 	 -83.553000 
172.217088 	 -83.553000 
172.217088 	 -83.553000 
172.220785 	 -83.552715 
172.220785 	 -83.552715 
172.220785 	 -83.552715 
172.220785 	 -83.552715 
172.224468 	 -83.552428 
172.224468 	 -83.552428 
172.224468 	 -83.552428 
172.228153 	 -83.552140 
172.228153 	 -83.552140 
172.228153 	 -83.552140 
172.228153 	 -83.552140 
172.231823 	 -83.551848 
172.231823 	 -83.551848 
172.231823 	 -83.551848 
172.235458 	 -83.551555 
172.235458 	 -83.551555 
172.235458 	 -83.551555 
172.239078 	 -83.551258 
172.239078 	 -83.551258 
172.239078 	 -83.551258 
172.239078 	 -83.551258 
172.242687 	 -83.550960 
172.242687 	 -83.550960 
172.242687 	 -83.550960 
172.246277 	 -83.550658 
172.246277 	 -83.550658 
172.246277 	 -83.550658 
172.249860 	 -83.550358 
172.249860 	 -83.550358 
172.249860 	 -83.550358 
172.249860 	 -83.550358 
172.253442 	 -83.550057 
172.253442 	 -83.550057 
172.253442 	 -83.550057 
172.257020 	 -83.549753 
172.257020 	 -83.549753 
172.257020 	 -83.549753 
172.260603 	 -83.549452 
172.260603 	 -83.549452 
172.260603 	 -83.549452 
172.260603 	 -83.549452 
172.264193 	 -83.549148 
172.264193 	 -83.549148 
172.264193 	 -83.549148 
172.267792 	 -83.548845 
172.267792 	 -83.548845 
172.267792 	 -83.548845 
172.267792 	 -83.548845 
172.271385 	 -83.548543 
172.271385 	 -83.548543 
172.271385 	 -83.548543 
172.274973 	 -83.548238 
172.274973 	 -83.548238 
172.274973 	 -83.548238 
172.278563 	 -83.547933 
172.278563 	 -83.547933 
172.278563 	 -83.547933 
172.282148 	 -83.547628 
172.282148 	 -83.547628 
172.282148 	 -83.547628 
172.282148 	 -83.547628 
172.285730 	 -83.547322 
172.285730 	 -83.547322 
172.285730 	 -83.547322 
172.289315 	 -83.547013 
172.289315 	 -83.547013 
172.289315 	 -83.547013 
172.292895 	 -83.546705 
172.292895 	 -83.546705 
172.292895 	 -83.546705 
172.292895 	 -83.546705 
172.296470 	 -83.546393 
172.296470 	 -83.546393 
172.296470 	 -83.546393 
172.300043 	 -83.546080 
172.300043 	 -83.546080 
172.300043 	 -83.546080 
172.303613 	 -83.545765 
172.303613 	 -83.545765 
172.303613 	 -83.545765 
172.307190 	 -83.545447 
172.307190 	 -83.545447 
172.307190 	 -83.545447 
172.307190 	 -83.545447 
172.310767 	 -83.545128 
172.310767 	 -83.545128 
172.310767 	 -83.545128 
172.314345 	 -83.544807 
172.314345 	 -83.544807 
172.314345 	 -83.544807 
172.317928 	 -83.544483 
172.317928 	 -83.544483 
172.317928 	 -83.544483 
172.317928 	 -83.544483 
172.321517 	 -83.544158 
172.321517 	 -83.544158 
172.321517 	 -83.544158 
172.325110 	 -83.543832 
172.325110 	 -83.543832 
172.325110 	 -83.543832 
172.328713 	 -83.543505 
172.328713 	 -83.543505 
172.328713 	 -83.543505 
172.328713 	 -83.543505 
172.332327 	 -83.543180 
172.332327 	 -83.543180 
172.332327 	 -83.543180 
172.335955 	 -83.542858 
172.335955 	 -83.542858 
172.335955 	 -83.542858 
172.339588 	 -83.542542 
172.339588 	 -83.542542 
172.339588 	 -83.542542 
172.339588 	 -83.542542 
172.343202 	 -83.542223 
172.343202 	 -83.542223 
172.343202 	 -83.542223 
172.346827 	 -83.541920 
172.346827 	 -83.541920 
172.346827 	 -83.541920 
172.346827 	 -83.541920 
172.350435 	 -83.541618 
172.350435 	 -83.541618 
172.350435 	 -83.541618 
172.354047 	 -83.541322 
172.354047 	 -83.541322 
172.354047 	 -83.541322 
172.357662 	 -83.541030 
172.357662 	 -83.541030 
172.357662 	 -83.541030 
172.357662 	 -83.541030 
172.361275 	 -83.540738 
172.361275 	 -83.540738 
172.361275 	 -83.540738 
172.364882 	 -83.540448 
172.364882 	 -83.540448 
172.364882 	 -83.540448 
172.368472 	 -83.540155 
172.368472 	 -83.540155 
172.368472 	 -83.540155 
172.368472 	 -83.540155 
172.372040 	 -83.539862 
172.372040 	 -83.539862 
172.372040 	 -83.539862 
172.375598 	 -83.539567 
172.375598 	 -83.539567 
172.375598 	 -83.539567 
172.375598 	 -83.539567 
172.379142 	 -83.539268 
172.379142 	 -83.539268 
172.379142 	 -83.539268 
172.382675 	 -83.538970 
172.382675 	 -83.538970 
172.382675 	 -83.538970 
172.386198 	 -83.538672 
172.386198 	 -83.538672 
172.386198 	 -83.538672 
172.389715 	 -83.538370 
172.389715 	 -83.538370 
172.389715 	 -83.538370 
172.389715 	 -83.538370 
172.393227 	 -83.538068 
172.393227 	 -83.538068 
172.393227 	 -83.538068 
172.396730 	 -83.537765 
172.396730 	 -83.537765 
172.396730 	 -83.537765 
172.400228 	 -83.537462 
172.400228 	 -83.537462 
172.400228 	 -83.537462 
172.400228 	 -83.537462 
172.403732 	 -83.537160 
172.403732 	 -83.537160 
172.403732 	 -83.537160 
172.407225 	 -83.536857 
172.407225 	 -83.536857 
172.407225 	 -83.536857 
172.407225 	 -83.536857 
172.410710 	 -83.536553 
172.410710 	 -83.536553 
172.410710 	 -83.536553 
172.414182 	 -83.536250 
172.414182 	 -83.536250 
172.414182 	 -83.536250 
172.417645 	 -83.535945 
172.417645 	 -83.535945 
172.417645 	 -83.535945 
172.417645 	 -83.535945 
172.421112 	 -83.535643 
172.421112 	 -83.535643 
172.421112 	 -83.535643 
172.424593 	 -83.535343 
172.424593 	 -83.535343 
172.424593 	 -83.535343 
172.428107 	 -83.535048 
172.428107 	 -83.535048 
172.428107 	 -83.535048 
172.428107 	 -83.535048 
172.431643 	 -83.534760 
172.431643 	 -83.534760 
172.431643 	 -83.534760 
172.435197 	 -83.534475 
172.435197 	 -83.534475 
172.435197 	 -83.534475 
172.438747 	 -83.534193 
172.438747 	 -83.534193 
172.438747 	 -83.534193 
172.438747 	 -83.534193 
172.442300 	 -83.533910 
172.442300 	 -83.533910 
172.442300 	 -83.533910 
172.445863 	 -83.533628 
172.445863 	 -83.533628 
172.445863 	 -83.533628 
172.449440 	 -83.533347 
172.449440 	 -83.533347 
172.449440 	 -83.533347 
172.449440 	 -83.533347 
172.453023 	 -83.533063 
172.453023 	 -83.533063 
172.453023 	 -83.533063 
172.456625 	 -83.532782 
172.456625 	 -83.532782 
172.456625 	 -83.532782 
172.460233 	 -83.532498 
172.460233 	 -83.532498 
172.460233 	 -83.532498 
172.460233 	 -83.532498 
172.463847 	 -83.532215 
172.463847 	 -83.532215 
172.463847 	 -83.532215 
172.467465 	 -83.531930 
172.467465 	 -83.531930 
172.467465 	 -83.531930 
172.467465 	 -83.531930 
172.471082 	 -83.531645 
172.471082 	 -83.531645 
172.471082 	 -83.531645 
172.474692 	 -83.531358 
172.474692 	 -83.531358 
172.474692 	 -83.531358 
172.478298 	 -83.531072 
172.478298 	 -83.531072 
172.478298 	 -83.531072 
172.478298 	 -83.531072 
172.481898 	 -83.530787 
172.481898 	 -83.530787 
172.481898 	 -83.530787 
172.485498 	 -83.530502 
172.485498 	 -83.530502 
172.485498 	 -83.530502 
172.489095 	 -83.530218 
172.489095 	 -83.530218 
172.489095 	 -83.530218 
172.492697 	 -83.529937 
172.492697 	 -83.529937 
172.492697 	 -83.529937 
172.492697 	 -83.529937 
172.496305 	 -83.529653 
172.496305 	 -83.529653 
172.496305 	 -83.529653 
172.499907 	 -83.529372 
172.499907 	 -83.529372 
172.499907 	 -83.529372 
172.503488 	 -83.529087 
172.503488 	 -83.529087 
172.503488 	 -83.529087 
172.503488 	 -83.529087 
172.507078 	 -83.528798 
172.507078 	 -83.528798 
172.507078 	 -83.528798 
172.510685 	 -83.528508 
172.510685 	 -83.528508 
172.510685 	 -83.528508 
172.510685 	 -83.528508 
172.514308 	 -83.528218 
172.514308 	 -83.528218 
172.514308 	 -83.528218 
172.517950 	 -83.527928 
172.517950 	 -83.527928 
172.517950 	 -83.527928 
172.521615 	 -83.527640 
172.521615 	 -83.527640 
172.521615 	 -83.527640 
172.525302 	 -83.527353 
172.525302 	 -83.527353 
172.525302 	 -83.527353 
172.525302 	 -83.527353 
172.529007 	 -83.527067 
172.529007 	 -83.527067 
172.529007 	 -83.527067 
172.532720 	 -83.526783 
172.532720 	 -83.526783 
172.532720 	 -83.526783 
172.536440 	 -83.526500 
172.536440 	 -83.526500 
172.536440 	 -83.526500 
172.536440 	 -83.526500 
172.540168 	 -83.526218 
172.540168 	 -83.526218 
172.540168 	 -83.526218 
172.543907 	 -83.525938 
